  2.000000000000000E-003  2.000000000000000E-003 -0.124920220438689     
  2.000000000000000E-003  0.298270416666667      -0.133610936551733     
  2.000000000000000E-003  0.594540833333333      -0.140341002303166     
  2.000000000000000E-003  0.890811250000000      -0.146971919588488     
  2.000000000000000E-003   1.18708166666667      -0.154040814828361     
  2.000000000000000E-003   1.48335208333333      -0.161578070204097     
  2.000000000000000E-003   1.77962250000000      -0.169517150010559     
  2.000000000000000E-003   2.07589291666667      -0.177584197396190     
  2.000000000000000E-003   2.37216333333333      -0.185317845515637     
  2.000000000000000E-003   2.66843375000000      -0.192134489385115     
  2.000000000000000E-003   2.96470416666667      -0.197599087299322     
  2.000000000000000E-003   3.26097458333333      -0.201180108739645     
  2.000000000000000E-003   3.55724500000000      -0.202426479621109     
  2.000000000000000E-003   3.85351541666667      -0.201163298923312     
  2.000000000000000E-003   4.14978583333333      -0.197566889169645     
  2.000000000000000E-003   4.44605625000000      -0.192089313416094     
  2.000000000000000E-003   4.74232666666667      -0.185262593302701     
  2.000000000000000E-003   5.03859708333333      -0.177522693837743     
  2.000000000000000E-003   5.33486750000000      -0.169451586273033     
  2.000000000000000E-003   5.63113791666667      -0.161509219549634     
  2.000000000000000E-003   5.92740833333333      -0.153968423259795     
  2.000000000000000E-003   6.22367875000000      -0.146893681503131     
  2.000000000000000E-003   6.51994916666667      -0.140237115030272     
  2.000000000000000E-003   6.81621958333333      -0.133429770940065     
  2.000000000000000E-003   7.11249000000000      -0.124710282800328     
  0.298270416666667       2.000000000000000E-003 -0.133611089225678     
  0.298270416666667       0.298270416666667      -0.144941861014612     
  0.298270416666667       0.594540833333333      -0.152650425343979     
  0.298270416666667       0.890811250000000      -0.159598053241881     
  0.298270416666667        1.18708166666667      -0.167691981781683     
  0.298270416666667        1.48335208333333      -0.176935393552445     
  0.298270416666667        1.77962250000000      -0.186994002169913     
  0.298270416666667        2.07589291666667      -0.197394078347304     
  0.298270416666667        2.37216333333333      -0.207405271165687     
  0.298270416666667        2.66843375000000      -0.216274670900754     
  0.298270416666667        2.96470416666667      -0.223416017969867     
  0.298270416666667        3.26097458333333      -0.228107457764549     
  0.298270416666667        3.55724500000000      -0.229743043910714     
  0.298270416666667        3.85351541666667      -0.228087869940995     
  0.298270416666667        4.14978583333333      -0.223378333563159     
  0.298270416666667        4.44605625000000      -0.216221271375703     
  0.298270416666667        4.74232666666667      -0.207338578878836     
  0.298270416666667        5.03859708333333      -0.197316302550586     
  0.298270416666667        5.33486750000000      -0.186904351412995     
  0.298270416666667        5.63113791666667      -0.176828387419494     
  0.298270416666667        5.92740833333333      -0.167556232025943     
  0.298270416666667        6.22367875000000      -0.159412642314991     
  0.298270416666667        6.51994916666667      -0.152381024878884     
  0.298270416666667        6.81621958333333      -0.144599758784679     
  0.298270416666667        7.11249000000000      -0.133430036807447     
  0.594540833333333       2.000000000000000E-003 -0.140341250572544     
  0.594540833333333       0.298270416666667      -0.152650468381507     
  0.594540833333333       0.594540833333333      -0.162778820875125     
  0.594540833333333       0.890811250000000      -0.171874703018277     
  0.594540833333333        1.18708166666667      -0.182133589918694     
  0.594540833333333        1.48335208333333      -0.193992294255244     
  0.594540833333333        1.77962250000000      -0.207081239666852     
  0.594540833333333        2.07589291666667      -0.220751432766775     
  0.594540833333333        2.37216333333333      -0.234022507034152     
  0.594540833333333        2.66843375000000      -0.245904059321235     
  0.594540833333333        2.96470416666667      -0.255546467381253     
  0.594540833333333        3.26097458333333      -0.261904673561257     
  0.594540833333333        3.55724500000000      -0.264126303374693     
  0.594540833333333        3.85351541666667      -0.261882605960298     
  0.594540833333333        4.14978583333333      -0.255503992388214     
  0.594540833333333        4.44605625000000      -0.245843641952478     
  0.594540833333333        4.74232666666667      -0.233946413738082     
  0.594540833333333        5.03859708333333      -0.220660974884106     
  0.594540833333333        5.33486750000000      -0.206973687443574     
  0.594540833333333        5.63113791666667      -0.193858840038374     
  0.594540833333333        5.92740833333333      -0.181959263299635     
  0.594540833333333        6.22367875000000      -0.171641054716669     
  0.594540833333333        6.51994916666667      -0.162485727015118     
  0.594540833333333        6.81621958333333      -0.152381374149369     
  0.594540833333333        7.11249000000000      -0.140237582254946     
  0.890811250000000       2.000000000000000E-003 -0.146972100259032     
  0.890811250000000       0.298270416666667      -0.159598144430525     
  0.890811250000000       0.594540833333333      -0.171874746247300     
  0.890811250000000       0.890811250000000      -0.184179493972859     
  0.890811250000000        1.18708166666667      -0.197859239588315     
  0.890811250000000        1.48335208333333      -0.213472148218098     
  0.890811250000000        1.77962250000000      -0.230812390584709     
  0.890811250000000        2.07589291666667      -0.249112892188361     
  0.890811250000000        2.37216333333333      -0.267014024125667     
  0.890811250000000        2.66843375000000      -0.283381926237884     
  0.890811250000000        2.96470416666667      -0.296817208541659     
  0.890811250000000        3.26097458333333      -0.305728507861022     
  0.890811250000000        3.55724500000000      -0.308851898106696     
  0.890811250000000        3.85351541666667      -0.305704074307110     
  0.890811250000000        4.14978583333333      -0.296770339830815     
  0.890811250000000        4.44605625000000      -0.283315657579482     
  0.890811250000000        4.74232666666667      -0.266931051637407     
  0.890811250000000        5.03859708333333      -0.249014481552759     
  0.890811250000000        5.33486750000000      -0.230696828266467     
  0.890811250000000        5.63113791666667      -0.213331574154433     
  0.890811250000000        5.92740833333333      -0.197683237457950     
  0.890811250000000        6.22367875000000      -0.183963699415972     
  0.890811250000000        6.51994916666667      -0.171641250274167     
  0.890811250000000        6.81621958333333      -0.159413067969989     
  0.890811250000000        7.11249000000000      -0.146894128072035     
   1.18708166666667       2.000000000000000E-003 -0.154040914971070     
   1.18708166666667       0.298270416666667      -0.167692086153942     
   1.18708166666667       0.594540833333333      -0.182133678262856     
   1.18708166666667       0.890811250000000      -0.197859293068467     
   1.18708166666667        1.18708166666667      -0.215740387590760     
   1.18708166666667        1.48335208333333      -0.236275221003071     
   1.18708166666667        1.77962250000000      -0.259324650918445     
   1.18708166666667        2.07589291666667      -0.283929363782829     
   1.18708166666667        2.37216333333333      -0.308549113970743     
   1.18708166666667        2.66843375000000      -0.331610107221416     
   1.18708166666667        2.96470416666667      -0.350833650193330     
   1.18708166666667        3.26097458333333      -0.363711549645496     
   1.18708166666667        3.55724500000000      -0.368250009817776     
   1.18708166666667        3.85351541666667      -0.363683934916501     
   1.18708166666667        4.14978583333333      -0.350781405348588     
   1.18708166666667        4.44605625000000      -0.331537708598652     
   1.18708166666667        4.74232666666667      -0.308460532685868     
   1.18708166666667        5.03859708333333      -0.283826864978517     
   1.18708166666667        5.33486750000000      -0.259208420164805     
   1.18708166666667        5.63113791666667      -0.236141131122108     
   1.18708166666667        5.92740833333333      -0.215583701802693     
   1.18708166666667        6.22367875000000      -0.197683364413017     
   1.18708166666667        6.51994916666667      -0.181959549023620     
   1.18708166666667        6.81621958333333      -0.167556666937752     
   1.18708166666667        7.11249000000000      -0.153968874718340     
   1.48335208333333       2.000000000000000E-003 -0.161578109196825     
   1.48335208333333       0.298270416666667      -0.176935479025271     
   1.48335208333333       0.594540833333333      -0.193992397612294     
   1.48335208333333       0.890811250000000      -0.213472240491356     
   1.48335208333333        1.18708166666667      -0.236275274720810     
   1.48335208333333        1.48335208333333      -0.262983317366211     
   1.48335208333333        1.77962250000000      -0.293443655879661     
   1.48335208333333        2.07589291666667      -0.326542837540549     
   1.48335208333333        2.37216333333333      -0.360850228023919     
   1.48335208333333        2.66843375000000      -0.393880845511889     
   1.48335208333333        2.96470416666667      -0.422051425935377     
   1.48335208333333        3.26097458333333      -0.441334068567720     
   1.48335208333333        3.55724500000000      -0.448195648605286     
   1.48335208333333        3.85351541666667      -0.441300514471585     
   1.48335208333333        4.14978583333333      -0.421989644528306     
   1.48335208333333        4.44605625000000      -0.393798909422780     
   1.48335208333333        4.74232666666667      -0.360754725023247     
   1.48335208333333        5.03859708333333      -0.326437376638664     
   1.48335208333333        5.33486750000000      -0.293329282317312     
   1.48335208333333        5.63113791666667      -0.262859869984977     
   1.48335208333333        5.92740833333333      -0.236141237942942     
   1.48335208333333        6.22367875000000      -0.213331760467014     
   1.48335208333333        6.51994916666667      -0.193859107541817     
   1.48335208333333        6.81621958333333      -0.176828772440325     
   1.48335208333333        7.11249000000000      -0.161509615350697     
   1.77962250000000       2.000000000000000E-003 -0.169517117220499     
   1.77962250000000       0.298270416666667      -0.186994027202792     
   1.77962250000000       0.594540833333333      -0.207081308631289     
   1.77962250000000       0.890811250000000      -0.230812483027129     
   1.77962250000000        1.18708166666667      -0.259324741459596     
   1.77962250000000        1.48335208333333      -0.293443719596480     
   1.77962250000000        1.77962250000000      -0.333124498065363     
   1.77962250000000        2.07589291666667      -0.377854271757182     
   1.77962250000000        2.37216333333333      -0.425933156905331     
   1.77962250000000        2.66843375000000      -0.474063224379832     
   1.77962250000000        2.96470416666667      -0.516801757993654     
   1.77962250000000        3.26097458333333      -0.547013780439222     
   1.77962250000000        3.55724500000000      -0.558006682914881     
   1.77962250000000        3.85351541666667      -0.546969287501350     
   1.77962250000000        4.14978583333333      -0.516722935306550     
   1.77962250000000        4.44605625000000      -0.473964141430945     
   1.77962250000000        4.74232666666667      -0.425825512477738     
   1.77962250000000        5.03859708333333      -0.377744216416153     
   1.77962250000000        5.33486750000000      -0.333012593954116     
   1.77962250000000        5.63113791666667      -0.293329383069157     
   1.77962250000000        5.92740833333333      -0.259208567381833     
   1.77962250000000        6.22367875000000      -0.230696991112178     
   1.77962250000000        6.51994916666667      -0.206973873367879     
   1.77962250000000        6.81621958333333      -0.186904608438724     
   1.77962250000000        7.11249000000000      -0.169451865329676     
   2.07589291666667       2.000000000000000E-003 -0.177584074059785     
   2.07589291666667       0.298270416666667      -0.197394006993999     
   2.07589291666667       0.594540833333333      -0.220751430128099     
   2.07589291666667       0.890811250000000      -0.249112964246031     
   2.07589291666667        1.18708166666667      -0.283929500192883     
   2.07589291666667        1.48335208333333      -0.326543001107347     
   2.07589291666667        1.77962250000000      -0.377854396879096     
   2.07589291666667        2.07589291666667      -0.437938990552136     
   2.07589291666667        2.37216333333333      -0.505515994196445     
   2.07589291666667        2.66843375000000      -0.576770772931256     
   2.07589291666667        2.96470416666667      -0.643652008967966     
   2.07589291666667        3.26097458333333      -0.693353450501050     
   2.07589291666667        3.55724500000000      -0.711991061359537     
   2.07589291666667        3.85351541666667      -0.693289717199915     
   2.07589291666667        4.14978583333333      -0.643544717455237     
   2.07589291666667        4.44605625000000      -0.576645259619798     
   2.07589291666667        4.74232666666667      -0.505390374377680     
   2.07589291666667        5.03859708333333      -0.437821028231583     
   2.07589291666667        5.33486750000000      -0.377744504508864     
   2.07589291666667        5.63113791666667      -0.326437713432028     
   2.07589291666667        5.92740833333333      -0.283827148786090     
   2.07589291666667        6.22367875000000      -0.249014679723112     
   2.07589291666667        6.51994916666667      -0.220661105635248     
   2.07589291666667        6.81621958333333      -0.197316431792478     
   2.07589291666667        7.11249000000000      -0.177522816266010     
   2.37216333333333       2.000000000000000E-003 -0.185317680951469     
   2.37216333333333       0.298270416666667      -0.207405146868741     
   2.37216333333333       0.594540833333333      -0.234022477913437     
   2.37216333333333       0.890811250000000      -0.267014127180449     
   2.37216333333333        1.18708166666667      -0.308549347789941     
   2.37216333333333        1.48335208333333      -0.360850547094385     
   2.37216333333333        1.77962250000000      -0.425933479999432     
   2.37216333333333        2.07589291666667      -0.505516192417578     
   2.37216333333333        2.37216333333333      -0.600011685617428     
   2.37216333333333        2.66843375000000      -0.706318559546072     
   2.37216333333333        2.96470416666667      -0.813541790697441     
   2.37216333333333        3.26097458333333      -0.898735429964919     
   2.37216333333333        3.55724500000000      -0.932043314976601     
   2.37216333333333        3.85351541666667      -0.898638143278709     
   2.37216333333333        4.14978583333333      -0.813389511950035     
   2.37216333333333        4.44605625000000      -0.706157116077698     
   2.37216333333333        4.74232666666667      -0.599865460038923     
   2.37216333333333        5.03859708333333      -0.505390986951325     
   2.37216333333333        5.33486750000000      -0.425826333558163     
   2.37216333333333        5.63113791666667      -0.360755427161335     
   2.37216333333333        5.92740833333333      -0.308461095082752     
   2.37216333333333        6.22367875000000      -0.266931354129807     
   2.37216333333333        6.51994916666667      -0.233946608284026     
   2.37216333333333        6.81621958333333      -0.207338696892119     
   2.37216333333333        7.11249000000000      -0.185262695529562     
   2.66843375000000       2.000000000000000E-003 -0.192134349283349     
   2.66843375000000       0.298270416666667      -0.216274566677345     
   2.66843375000000       0.594540833333333      -0.245904071737436     
   2.66843375000000       0.890811250000000      -0.283382114884990     
   2.66843375000000        1.18708166666667      -0.331610482759662     
   2.66843375000000        1.48335208333333      -0.393881368538056     
   2.66843375000000        1.77962250000000      -0.474063778769487     
   2.66843375000000        2.07589291666667      -0.576771189369213     
   2.66843375000000        2.37216333333333      -0.706318765439928     
   2.66843375000000        2.66843375000000      -0.863082854299636     
   2.66843375000000        2.96470416666667       -1.03401662953377     
   2.66843375000000        3.26097458333333       -1.17994328651911     
   2.66843375000000        3.55724500000000       -1.24002070144938     
   2.66843375000000        3.85351541666667       -1.17979034171768     
   2.66843375000000        4.14978583333333       -1.03380232562218     
   2.66843375000000        4.44605625000000      -0.862883265301859     
   2.66843375000000        4.74232666666667      -0.706158238578711     
   2.66843375000000        5.03859708333333      -0.576646809979556     
   2.66843375000000        5.33486750000000      -0.473965718204622     
   2.66843375000000        5.63113791666667      -0.393800195001786     
   2.66843375000000        5.92740833333333      -0.331538614284586     
   2.66843375000000        6.22367875000000      -0.283316220557368     
   2.66843375000000        6.51994916666667      -0.245843925295383     
   2.66843375000000        6.81621958333333      -0.216221392246742     
   2.66843375000000        7.11249000000000      -0.192089464615429     
   2.96470416666667       2.000000000000000E-003 -0.197599001564809     
   2.96470416666667       0.298270416666667      -0.223415967526044     
   2.96470416666667       0.594540833333333      -0.255546549356116     
   2.96470416666667       0.890811250000000      -0.296817498948277     
   2.96470416666667        1.18708166666667      -0.350834174037565     
   2.96470416666667        1.48335208333333      -0.422052163762465     
   2.96470416666667        1.77962250000000      -0.516802525335684     
   2.96470416666667        2.07589291666667      -0.643652631210668     
   2.96470416666667        2.37216333333333      -0.813542190238736     
   2.96470416666667        2.66843375000000       -1.03401677832257     
   2.96470416666667        2.96470416666667       -1.28858366389335     
   2.96470416666667        3.26097458333333       -1.51151018611261     
   2.96470416666667        3.55724500000000       -1.60421658824272     
   2.96470416666667        3.85351541666667       -1.51128587487858     
   2.96470416666667        4.14978583333333       -1.28831604876099     
   2.96470416666667        4.44605625000000       -1.03380455504272     
   2.96470416666667        4.74232666666667      -0.813392367697576     
   2.96470416666667        5.03859708333333      -0.643547563512655     
   2.96470416666667        5.33486750000000      -0.516725376200088     
   2.96470416666667        5.63113791666667      -0.421991536560536     
   2.96470416666667        5.92740833333333      -0.350782707219468     
   2.96470416666667        6.22367875000000      -0.296771133282837     
   2.96470416666667        6.51994916666667      -0.255504409074960     
   2.96470416666667        6.81621958333333      -0.223378584894821     
   2.96470416666667        7.11249000000000      -0.197567089624185     
   3.26097458333333       2.000000000000000E-003 -0.201180061776156     
   3.26097458333333       0.298270416666667      -0.228107445176801     
   3.26097458333333       0.594540833333333      -0.261904801783338     
   3.26097458333333       0.890811250000000      -0.305728863900621     
   3.26097458333333        1.18708166666667      -0.363712172660259     
   3.26097458333333        1.48335208333333      -0.441334945334796     
   3.26097458333333        1.77962250000000      -0.547014696355787     
   3.26097458333333        2.07589291666667      -0.693354244648633     
   3.26097458333333        2.37216333333333      -0.898736029021122     
   3.26097458333333        2.66843375000000       -1.17994357378230     
   3.26097458333333        2.96470416666667       -1.51151011257516     
   3.26097458333333        3.26097458333333       -1.76901039027905     
   3.26097458333333        3.55724500000000       -1.86464421242102     
   3.26097458333333        3.85351541666667       -1.76878720337075     
   3.26097458333333        4.14978583333333       -1.51128946519399     
   3.26097458333333        4.44605625000000       -1.17979600322341     
   3.26097458333333        4.74232666666667      -0.898643314595010     
   3.26097458333333        5.03859708333333      -0.693293890719060     
   3.26097458333333        5.33486750000000      -0.546972574371555     
   3.26097458333333        5.63113791666667      -0.441302987702023     
   3.26097458333333        5.92740833333333      -0.363685593413669     
   3.26097458333333        6.22367875000000      -0.305705062414179     
   3.26097458333333        6.51994916666667      -0.261883185182736     
   3.26097458333333        6.81621958333333      -0.228088167564361     
   3.26097458333333        7.11249000000000      -0.201163581619990     
   3.55724500000000       2.000000000000000E-003 -0.202426420029905     
   3.55724500000000       0.298270416666667      -0.229743014464050     
   3.55724500000000       0.594540833333333      -0.264126413873598     
   3.55724500000000       0.890811250000000      -0.308852241119841     
   3.55724500000000        1.18708166666667      -0.368250633292550     
   3.55724500000000        1.48335208333333      -0.448196545727621     
   3.55724500000000        1.77962250000000      -0.558007629108602     
   3.55724500000000        2.07589291666667      -0.711991936635167     
   3.55724500000000        2.37216333333333      -0.932044087565176     
   3.55724500000000        2.66843375000000       -1.24002126236051     
   3.55724500000000        2.96470416666667       -1.60421677245777     
   3.55724500000000        3.26097458333333       -1.86464421893827     
   3.55724500000000        3.55724500000000       -2.00776304349474     
   3.55724500000000        3.85351541666667       -1.86464773225934     
   3.55724500000000        4.14978583333333       -1.60422431950266     
   3.55724500000000        4.44605625000000       -1.24002953234900     
   3.55724500000000        4.74232666666667      -0.932050488169470     
   3.55724500000000        5.03859708333333      -0.711996393667646     
   3.55724500000000        5.33486750000000      -0.558010572669382     
   3.55724500000000        5.63113791666667      -0.448198593645688     
   3.55724500000000        5.92740833333333      -0.368251913949781     
   3.55724500000000        6.22367875000000      -0.308853014303118     
   3.55724500000000        6.51994916666667      -0.264126980480878     
   3.55724500000000        6.81621958333333      -0.229743388859026     
   3.55724500000000        7.11249000000000      -0.202426772182017     
   3.85351541666667       2.000000000000000E-003 -0.201163168561242     
   3.85351541666667       0.298270416666667      -0.228087761441616     
   3.85351541666667       0.594540833333333      -0.261882626626198     
   3.85351541666667       0.890811250000000      -0.305704316626110     
   3.85351541666667        1.18708166666667      -0.363684446823864     
   3.85351541666667        1.48335208333333      -0.441301289139447     
   3.85351541666667        1.77962250000000      -0.546970125178526     
   3.85351541666667        2.07589291666667      -0.693290511542629     
   3.85351541666667        2.37216333333333      -0.898638903021099     
   3.85351541666667        2.66843375000000       -1.17979102625071     
   3.85351541666667        2.96470416666667       -1.51128630733222     
   3.85351541666667        3.26097458333333       -1.76878703784503     
   3.85351541666667        3.55724500000000       -1.86464714184329     
   3.85351541666667        3.85351541666667       -1.76901677508075     
   3.85351541666667        4.14978583333333       -1.51152183247412     
   3.85351541666667        4.44605625000000       -1.17995440700242     
   3.85351541666667        4.74232666666667      -0.898743519352305     
   3.85351541666667        5.03859708333333      -0.693359115594184     
   3.85351541666667        5.33486750000000      -0.547017871935633     
   3.85351541666667        5.63113791666667      -0.441337012663739     
   3.85351541666667        5.92740833333333      -0.363713477212350     
   3.85351541666667        6.22367875000000      -0.305729645511509     
   3.85351541666667        6.51994916666667      -0.261905258803261     
   3.85351541666667        6.81621958333333      -0.228107715142711     
   3.85351541666667        7.11249000000000      -0.201180328332105     
   4.14978583333333       2.000000000000000E-003 -0.197566653428132     
   4.14978583333333       0.298270416666667      -0.223378111046550     
   4.14978583333333       0.594540833333333      -0.255503881631701     
   4.14978583333333       0.890811250000000      -0.296770426694855     
   4.14978583333333        1.18708166666667      -0.350781730739582     
   4.14978583333333        1.48335208333333      -0.421990199231884     
   4.14978583333333        1.77962250000000      -0.516723548498949     
   4.14978583333333        2.07589291666667      -0.643545278760558     
   4.14978583333333        2.37216333333333      -0.813390016482195     
   4.14978583333333        2.66843375000000       -1.03380272703697     
   4.14978583333333        2.96470416666667       -1.28831613321743     
   4.14978583333333        3.26097458333333       -1.51128892903561     
   4.14978583333333        3.55724500000000       -1.60422344252611     
   4.14978583333333        3.85351541666667       -1.51152140054408     
   4.14978583333333        4.14978583333333       -1.28859582481632     
   4.14978583333333        4.44605625000000       -1.03402701642257     
   4.14978583333333        4.74232666666667      -0.813549238773152     
   4.14978583333333        5.03859708333333      -0.643657404949894     
   4.14978583333333        5.33486750000000      -0.516805646904982     
   4.14978583333333        5.63113791666667      -0.422054122578334     
   4.14978583333333        5.92740833333333      -0.350835412422255     
   4.14978583333333        6.22367875000000      -0.296818235975282     
   4.14978583333333        6.51994916666667      -0.255546923629556     
   4.14978583333333        6.81621958333333      -0.223416184802489     
   4.14978583333333        7.11249000000000      -0.197599145058325     
   4.44605625000000       2.000000000000000E-003 -0.192088980629221     
   4.44605625000000       0.298270416666667      -0.216220948866882     
   4.44605625000000       0.594540833333333      -0.245843412690858     
   4.44605625000000       0.890811250000000      -0.283315593531919     
   4.44605625000000        1.18708166666667      -0.331537840901111     
   4.44605625000000        1.48335208333333      -0.393799213559661     
   4.44605625000000        1.77962250000000      -0.473964502357477     
   4.44605625000000        2.07589291666667      -0.576645554810100     
   4.44605625000000        2.37216333333333      -0.706157321645306     
   4.44605625000000        2.66843375000000      -0.862883345151329     
   4.44605625000000        2.96470416666667       -1.03380439578965     
   4.44605625000000        3.26097458333333       -1.17979553556809     
   4.44605625000000        3.55724500000000       -1.24002898477277     
   4.44605625000000        3.85351541666667       -1.17995411767863     
   4.44605625000000        4.14978583333333       -1.03402697657990     
   4.44605625000000        4.44605625000000      -0.863091025612539     
   4.44605625000000        4.74232666666667      -0.706324737345843     
   4.44605625000000        5.03859708333333      -0.576775306698387     
   4.44605625000000        5.33486750000000      -0.474066573339198     
   4.44605625000000        5.63113791666667      -0.393883164687340     
   4.44605625000000        5.92740833333333      -0.331611559394696     
   4.44605625000000        6.22367875000000      -0.283382710124764     
   4.44605625000000        6.51994916666667      -0.245904332671810     
   4.44605625000000        6.81621958333333      -0.216274676366843     
   4.44605625000000        7.11249000000000      -0.192134457263771     
   4.74232666666667       2.000000000000000E-003 -0.185262207554574     
   4.74232666666667       0.298270416666667      -0.207338214049478     
   4.74232666666667       0.594540833333333      -0.233946129505495     
   4.74232666666667       0.890811250000000      -0.266930897298189     
   4.74232666666667        1.18708166666667      -0.308460527916734     
   4.74232666666667        1.48335208333333      -0.360754844632092     
   4.74232666666667        1.77962250000000      -0.425825675197591     
   4.74232666666667        2.07589291666667      -0.505390478358449     
   4.74232666666667        2.37216333333333      -0.599865486307878     
   4.74232666666667        2.66843375000000      -0.706158194622486     
   4.74232666666667        2.96470416666667      -0.813392247953329     
   4.74232666666667        3.26097458333333      -0.898643143810920     
   4.74232666666667        3.55724500000000      -0.932050366944093     
   4.74232666666667        3.85351541666667      -0.898743528915400     
   4.74232666666667        4.14978583333333      -0.813549329216440     
   4.74232666666667        4.44605625000000      -0.706324803440543     
   4.74232666666667        4.74232666666667      -0.600016385093787     
   4.74232666666667        5.03859708333333      -0.505519558051188     
   4.74232666666667        5.33486750000000      -0.425935786683313     
   4.74232666666667        5.63113791666667      -0.360852077476102     
   4.74232666666667        5.92740833333333      -0.308550243676563     
   4.74232666666667        6.22367875000000      -0.267014557780584     
   4.74232666666667        6.51994916666667      -0.234022658481429     
   4.74232666666667        6.81621958333333      -0.207405205546984     
   4.74232666666667        7.11249000000000      -0.185317665200339     
   5.03859708333333       2.000000000000000E-003 -0.177522311844904     
   5.03859708333333       0.298270416666667      -0.197315972727124     
   5.03859708333333       0.594540833333333      -0.220660724434752     
   5.03859708333333       0.890811250000000      -0.249014327330817     
   5.03859708333333        1.18708166666667      -0.283826810392770     
   5.03859708333333        1.48335208333333      -0.326437405214267     
   5.03859708333333        1.77962250000000      -0.377744278540388     
   5.03859708333333        2.07589291666667      -0.437821048424727     
   5.03859708333333        2.37216333333333      -0.505390953282192     
   5.03859708333333        2.66843375000000      -0.576646760952043     
   5.03859708333333        2.96470416666667      -0.643547539937248     
   5.03859708333333        3.26097458333333      -0.693293923316105     
   5.03859708333333        3.55724500000000      -0.711996499591192     
   5.03859708333333        3.85351541666667      -0.693359276254174     
   5.03859708333333        4.14978583333333      -0.643657562626731     
   5.03859708333333        4.44605625000000      -0.576775412966417     
   5.03859708333333        4.74232666666667      -0.505519606166190     
   5.03859708333333        5.03859708333333      -0.437941697783713     
   5.03859708333333        5.33486750000000      -0.377856254456964     
   5.03859708333333        5.63113791666667      -0.326544204815164     
   5.03859708333333        5.92740833333333      -0.283930175839774     
   5.03859708333333        6.22367875000000      -0.249113232895179     
   5.03859708333333        6.51994916666667      -0.220751478529481     
   5.03859708333333        6.81621958333333      -0.197393950336154     
   5.03859708333333        7.11249000000000      -0.177583981447516     
   5.33486750000000       2.000000000000000E-003 -0.169451308095875     
   5.33486750000000       0.298270416666667      -0.186904148188877     
   5.33486750000000       0.594540833333333      -0.206973554435505     
   5.33486750000000       0.890811250000000      -0.230696754815371     
   5.33486750000000        1.18708166666667      -0.259208398671474     
   5.33486750000000        1.48335208333333      -0.293329302236543     
   5.33486750000000        1.77962250000000      -0.333012639930788     
   5.33486750000000        2.07589291666667      -0.377744539812735     
   5.33486750000000        2.37216333333333      -0.425826322924911     
   5.33486750000000        2.66843375000000      -0.473965692827332     
   5.33486750000000        2.96470416666667      -0.516725381074952     
   5.33486750000000        3.26097458333333      -0.546972634906372     
   5.33486750000000        3.55724500000000      -0.558010685387497     
   5.33486750000000        3.85351541666667      -0.547018010716209     
   5.33486750000000        4.14978583333333      -0.516805780360564     
   5.33486750000000        4.44605625000000      -0.474066688608797     
   5.33486750000000        4.74232666666667      -0.425935886775447     
   5.33486750000000        5.03859708333333      -0.377856326656437     
   5.33486750000000        5.33486750000000      -0.333125909421177     
   5.33486750000000        5.63113791666667      -0.293444585925288     
   5.33486750000000        5.92740833333333      -0.259325148125808     
   5.33486750000000        6.22367875000000      -0.230812604692925     
   5.33486750000000        6.51994916666667      -0.207081209646119     
   5.33486750000000        6.81621958333333      -0.186993877691450     
   5.33486750000000        7.11249000000000      -0.169517013477010     
   5.63113791666667       2.000000000000000E-003 -0.161509074309351     
   5.63113791666667       0.298270416666667      -0.176828333021717     
   5.63113791666667       0.594540833333333      -0.193858837498159     
   5.63113791666667       0.890811250000000      -0.213331589845650     
   5.63113791666667        1.18708166666667      -0.236141161422357     
   5.63113791666667        1.48335208333333      -0.262859926483683     
   5.63113791666667        1.77962250000000      -0.293329462956591     
   5.63113791666667        2.07589291666667      -0.326437806516894     
   5.63113791666667        2.37216333333333      -0.360755507519777     
   5.63113791666667        2.66843375000000      -0.393800244343669     
   5.63113791666667        2.96470416666667      -0.421991563395157     
   5.63113791666667        3.26097458333333      -0.441303023258638     
   5.63113791666667        3.55724500000000      -0.448198653717033     
   5.63113791666667        3.85351541666667      -0.441337108071841     
   5.63113791666667        4.14978583333333      -0.422054259550888     
   5.63113791666667        4.44605625000000      -0.393883351208963     
   5.63113791666667        4.74232666666667      -0.360852285102552     
   5.63113791666667        5.03859708333333      -0.326544381772740     
   5.63113791666667        5.33486750000000      -0.293444683998951     
   5.63113791666667        5.63113791666667      -0.262983949375243     
   5.63113791666667        5.92740833333333      -0.236275511480413     
   5.63113791666667        6.22367875000000      -0.213472251348265     
   5.63113791666667        6.51994916666667      -0.193992260485309     
   5.63113791666667        6.81621958333333      -0.176935288616121     
   5.63113791666667        7.11249000000000      -0.161577934552458     
   5.92740833333333       2.000000000000000E-003 -0.153968375981364     
   5.92740833333333       0.298270416666667      -0.167556271942489     
   5.92740833333333       0.594540833333333      -0.181959318925800     
   5.92740833333333       0.890811250000000      -0.197683267314035     
   5.92740833333333        1.18708166666667      -0.215583725624849     
   5.92740833333333        1.48335208333333      -0.236141301434627     
   5.92740833333333        1.77962250000000      -0.259208692273105     
   5.92740833333333        2.07589291666667      -0.283827315086128     
   5.92740833333333        2.37216333333333      -0.308461276649025     
   5.92740833333333        2.66843375000000      -0.331538776583779     
   5.92740833333333        2.96470416666667      -0.350782833703541     
   5.92740833333333        3.26097458333333      -0.363685696859806     
   5.92740833333333        3.55724500000000      -0.368252029295906     
   5.92740833333333        3.85351541666667      -0.363713644123856     
   5.92740833333333        4.14978583333333      -0.350835654710345     
   5.92740833333333        4.44605625000000      -0.331611867662363     
   5.92740833333333        4.74232666666667      -0.308550572687604     
   5.92740833333333        5.03859708333333      -0.283930462103446     
   5.92740833333333        5.33486750000000      -0.259325337103652     
   5.92740833333333        5.63113791666667      -0.236275576940045     
   5.92740833333333        5.92740833333333      -0.215740453475172     
   5.92740833333333        6.22367875000000      -0.197859193845084     
   5.92740833333333        6.51994916666667      -0.182133497671938     
   5.92740833333333        6.81621958333333      -0.167691900232586     
   5.92740833333333        7.11249000000000      -0.154040770824660     
   6.22367875000000       2.000000000000000E-003 -0.146893708313384     
   6.22367875000000       0.298270416666667      -0.159412694460532     
   6.22367875000000       0.594540833333333      -0.171641035399960     
   6.22367875000000       0.890811250000000      -0.183963613271829     
   6.22367875000000        1.18708166666667      -0.197683280412611     
   6.22367875000000        1.48335208333333      -0.213331758257065     
   6.22367875000000        1.77962250000000      -0.230697114383406     
   6.22367875000000        2.07589291666667      -0.249014900572231     
   6.22367875000000        2.37216333333333      -0.266931621801263     
   6.22367875000000        2.66843375000000      -0.283316486421450     
   6.22367875000000        2.96470416666667      -0.296771365674715     
   6.22367875000000        3.26097458333333      -0.305705266169450     
   6.22367875000000        3.55724500000000      -0.308853227034677     
   6.22367875000000        3.85351541666667      -0.305729914071062     
   6.22367875000000        4.14978583333333      -0.296818586215198     
   6.22367875000000        4.44605625000000      -0.283383126735556     
   6.22367875000000        4.74232666666667      -0.267014986412352     
   6.22367875000000        5.03859708333333      -0.249113602848511     
   6.22367875000000        5.33486750000000      -0.230812836587493     
   6.22367875000000        5.63113791666667      -0.213472312916118     
   6.22367875000000        5.92740833333333      -0.197859166286607     
   6.22367875000000        6.22367875000000      -0.184179299296256     
   6.22367875000000        6.51994916666667      -0.171874521652092     
   6.22367875000000        6.81621958333333      -0.159597974643781     
   6.22367875000000        7.11249000000000      -0.146971946907403     
   6.51994916666667       2.000000000000000E-003 -0.140237203982310     
   6.51994916666667       0.298270416666667      -0.152380982225949     
   6.51994916666667       0.594540833333333      -0.162485482187456     
   6.51994916666667       0.890811250000000      -0.171640935316237     
   6.51994916666667        1.18708166666667      -0.181959278795965     
   6.51994916666667        1.48335208333333      -0.193858974266592     
   6.51994916666667        1.77962250000000      -0.206973929535000     
   6.51994916666667        2.07589291666667      -0.220661324569716     
   6.51994916666667        2.37216333333333      -0.233946903160864     
   6.51994916666667        2.66843375000000      -0.245844234555376     
   6.51994916666667        2.96470416666667      -0.255504691368512     
   6.51994916666667        3.26097458333333      -0.261883440069469     
   6.51994916666667        3.55724500000000      -0.264127244666788     
   6.51994916666667        3.85351541666667      -0.261905579808589     
   6.51994916666667        4.14978583333333      -0.255547326119571     
   6.51994916666667        4.44605625000000      -0.245904798052377     
   6.51994916666667        4.74232666666667      -0.234023129851595     
   6.51994916666667        5.03859708333333      -0.220751885094912     
   6.51994916666667        5.33486750000000      -0.207081431537621     
   6.51994916666667        5.63113791666667      -0.193992268002581     
   6.51994916666667        5.92740833333333      -0.182133385918302     
   6.51994916666667        6.22367875000000      -0.171874426038872     
   6.51994916666667        6.51994916666667      -0.162778508119839     
   6.51994916666667        6.81621958333333      -0.152650245965179     
   6.51994916666667        7.11249000000000      -0.140341079764469     
   6.81621958333333       2.000000000000000E-003 -0.133429741631405     
   6.81621958333333       0.298270416666667      -0.144599459042915     
   6.81621958333333       0.594540833333333      -0.152380863865530     
   6.81621958333333       0.890811250000000      -0.159412553601334     
   6.81621958333333        1.18708166666667      -0.167556233870575     
   6.81621958333333        1.48335208333333      -0.176828498908616     
   6.81621958333333        1.77962250000000      -0.186904551883321     
   6.81621958333333        2.07589291666667      -0.197316571471620     
   6.81621958333333        2.37216333333333      -0.207338931810268     
   6.81621958333333        2.66843375000000      -0.216221646346946     
   6.81621958333333        2.96470416666667      -0.223378813698063     
   6.81621958333333        3.26097458333333      -0.228088370527708     
   6.81621958333333        3.55724500000000      -0.229743603754519     
   6.81621958333333        3.85351541666667      -0.228107990302369     
   6.81621958333333        4.14978583333333      -0.223416544630253     
   6.81621958333333        4.44605625000000      -0.216275102581707     
   6.81621958333333        4.74232666666667      -0.207405645120185     
   6.81621958333333        5.03859708333333      -0.197394331975755     
   6.81621958333333        5.33486750000000      -0.186994059722994     
   6.81621958333333        5.63113791666667      -0.176935237559789     
   6.81621958333333        5.92740833333333      -0.167691715428220     
   6.81621958333333        6.22367875000000      -0.159597794976271     
   6.81621958333333        6.51994916666667      -0.152650155533548     
   6.81621958333333        6.81621958333333      -0.144941725703627     
   6.81621958333333        7.11249000000000      -0.133610955465718     
   7.11249000000000       2.000000000000000E-003 -0.124710139976989     
   7.11249000000000       0.298270416666667      -0.133429668166942     
   7.11249000000000       0.594540833333333      -0.140237089147546     
   7.11249000000000       0.890811250000000      -0.146893619709359     
   7.11249000000000        1.18708166666667      -0.153968402386382     
   7.11249000000000        1.48335208333333      -0.161509257803406     
   7.11249000000000        1.77962250000000      -0.169451694362118     
   7.11249000000000        2.07589291666667      -0.177522827993208     
   7.11249000000000        2.37216333333333      -0.185262794872999     
   7.11249000000000        2.66843375000000      -0.192089572496882     
   7.11249000000000        2.96470416666667      -0.197567166211177     
   7.11249000000000        3.26097458333333      -0.201163632498900     
   7.11249000000000        3.55724500000000      -0.202426839769711     
   7.11249000000000        3.85351541666667      -0.201180463640037     
   7.11249000000000        4.14978583333333      -0.197599374357366     
   7.11249000000000        4.44605625000000      -0.192134765864370     
   7.11249000000000        4.74232666666667      -0.185318008004456     
   7.11249000000000        5.03859708333333      -0.177584296525494     
   7.11249000000000        5.33486750000000      -0.169517151503840     
   7.11249000000000        5.63113791666667      -0.161577855682658     
   7.11249000000000        5.92740833333333      -0.154040566018264     
   7.11249000000000        6.22367875000000      -0.146971748266836     
   7.11249000000000        6.51994916666667      -0.140340967002725     
   7.11249000000000        6.81621958333333      -0.133610935132145     
   7.11249000000000        7.11249000000000      -0.124920225137181     
