  2.000000000000000E-003  2.000000000000000E-003 -0.557419514497769     
  2.000000000000000E-003  0.298270416666667      -0.547725223808283     
  2.000000000000000E-003  0.594540833333333      -0.501939759179497     
  2.000000000000000E-003  0.890811250000000      -0.434054150347991     
  2.000000000000000E-003   1.18708166666667      -0.372090982999764     
  2.000000000000000E-003   1.48335208333333      -0.322592676786369     
  2.000000000000000E-003   1.77962250000000      -0.283686507749457     
  2.000000000000000E-003   2.07589291666667      -0.252474575744215     
  2.000000000000000E-003   2.37216333333333      -0.226588578249066     
  2.000000000000000E-003   2.66843375000000      -0.204626504161359     
  2.000000000000000E-003   2.96470416666667      -0.185547271154754     
  2.000000000000000E-003   3.26097458333333      -0.168631447717068     
  2.000000000000000E-003   3.55724500000000      -0.153411063695681     
  2.000000000000000E-003   3.85351541666667      -0.139616527277181     
  2.000000000000000E-003   4.14978583333333      -0.127125914613177     
  2.000000000000000E-003   4.44605625000000      -0.115887885497096     
  2.000000000000000E-003   4.74232666666667      -0.105864972903643     
  2.000000000000000E-003   5.03859708333333      -9.702683584381146E-002
  2.000000000000000E-003   5.33486750000000      -8.942601317348119E-002
  2.000000000000000E-003   5.63113791666667      -8.304528984624220E-002
  2.000000000000000E-003   5.92740833333333      -7.780466740684708E-002
  2.000000000000000E-003   6.22367875000000      -7.348115356779121E-002
  2.000000000000000E-003   6.51994916666667      -6.940788468243961E-002
  2.000000000000000E-003   6.81621958333333      -6.398538836096251E-002
  2.000000000000000E-003   7.11249000000000      -5.759604189007889E-002
  0.298270416666667       2.000000000000000E-003 -0.685322007147520     
  0.298270416666667       0.298270416666667      -0.601082706383049     
  0.298270416666667       0.594540833333333      -0.533230089417232     
  0.298270416666667       0.890811250000000      -0.468038972578745     
  0.298270416666667        1.18708166666667      -0.404567453756992     
  0.298270416666667        1.48335208333333      -0.350882038742328     
  0.298270416666667        1.77962250000000      -0.307350693650312     
  0.298270416666667        2.07589291666667      -0.271708735429356     
  0.298270416666667        2.37216333333333      -0.241865990319858     
  0.298270416666667        2.66843375000000      -0.216890857751239     
  0.298270416666667        2.96470416666667      -0.195444659478723     
  0.298270416666667        3.26097458333333      -0.176634008259342     
  0.298270416666667        3.55724500000000      -0.159905282527914     
  0.298270416666667        3.85351541666667      -0.144931451872369     
  0.298270416666667        4.14978583333333      -0.131530138304714     
  0.298270416666667        4.44605625000000      -0.119584098187923     
  0.298270416666667        4.74232666666667      -0.108991672903617     
  0.298270416666667        5.03859708333333      -9.966676802946137E-002
  0.298270416666667        5.33486750000000      -9.162138527802074E-002
  0.298270416666667        5.63113791666667      -8.481499786968288E-002
  0.298270416666667        5.92740833333333      -7.912111125530080E-002
  0.298270416666667        6.22367875000000      -7.422807528269910E-002
  0.298270416666667        6.51994916666667      -6.940920569371227E-002
  0.298270416666667        6.81621958333333      -6.389972380101329E-002
  0.298270416666667        7.11249000000000      -5.919705578394355E-002
  0.594540833333333       2.000000000000000E-003 -0.753738368477218     
  0.594540833333333       0.298270416666667      -0.681904888511762     
  0.594540833333333       0.594540833333333      -0.581389255818529     
  0.594540833333333       0.890811250000000      -0.502228435294597     
  0.594540833333333        1.18708166666667      -0.434079947265171     
  0.594540833333333        1.48335208333333      -0.376120576751877     
  0.594540833333333        1.77962250000000      -0.328190708774425     
  0.594540833333333        2.07589291666667      -0.288453541928821     
  0.594540833333333        2.37216333333333      -0.255235907774971     
  0.594540833333333        2.66843375000000      -0.227615629716688     
  0.594540833333333        2.96470416666667      -0.204052910668495     
  0.594540833333333        3.26097458333333      -0.183558005060207     
  0.594540833333333        3.55724500000000      -0.165502094697877     
  0.594540833333333        3.85351541666667      -0.149492972565224     
  0.594540833333333        4.14978583333333      -0.135283094718150     
  0.594540833333333        4.44605625000000      -0.122694381991608     
  0.594540833333333        4.74232666666667      -0.111572677210243     
  0.594540833333333        5.03859708333333      -0.101777347058894     
  0.594540833333333        5.33486750000000      -9.326520849984785E-002
  0.594540833333333        5.63113791666667      -8.595905185096320E-002
  0.594540833333333        5.92740833333333      -7.967836614512355E-002
  0.594540833333333        6.22367875000000      -7.407844588638125E-002
  0.594540833333333        6.51994916666667      -6.867837132512643E-002
  0.594540833333333        6.81621958333333      -6.350918253666069E-002
  0.594540833333333        7.11249000000000      -5.919537359252909E-002
  0.890811250000000       2.000000000000000E-003 -0.791076585764983     
  0.890811250000000       0.298270416666667      -0.740613123591782     
  0.890811250000000       0.594540833333333      -0.640254789378133     
  0.890811250000000       0.890811250000000      -0.544539181366156     
  0.890811250000000        1.18708166666667      -0.464526519468436     
  0.890811250000000        1.48335208333333      -0.398992501048481     
  0.890811250000000        1.77962250000000      -0.345638939338408     
  0.890811250000000        2.07589291666667      -0.301886685300178     
  0.890811250000000        2.37216333333333      -0.266044108986571     
  0.890811250000000        2.66843375000000      -0.236285585917721     
  0.890811250000000        2.96470416666667      -0.211030783082473     
  0.890811250000000        3.26097458333333      -0.189223641364576     
  0.890811250000000        3.55724500000000      -0.170146799580858     
  0.890811250000000        3.85351541666667      -0.153322013765711     
  0.890811250000000        4.14978583333333      -0.138436708168051     
  0.890811250000000        4.44605625000000      -0.125273955109266     
  0.890811250000000        4.74232666666667      -0.113656805346466     
  0.890811250000000        5.03859708333333      -0.103423342477060     
  0.890811250000000        5.33486750000000      -9.446012550919161E-002
  0.890811250000000        5.63113791666667      -8.668958532112198E-002
  0.890811250000000        5.92740833333333      -7.993013505764254E-002
  0.890811250000000        6.22367875000000      -7.392538296130595E-002
  0.890811250000000        6.51994916666667      -6.843558856688860E-002
  0.890811250000000        6.81621958333333      -6.345402885814880E-002
  0.890811250000000        7.11249000000000      -5.893443112305514E-002
   1.18708166666667       2.000000000000000E-003 -0.793414800332789     
   1.18708166666667       0.298270416666667      -0.757001117819329     
   1.18708166666667       0.594540833333333      -0.671210817963699     
   1.18708166666667       0.890811250000000      -0.574768011038316     
   1.18708166666667        1.18708166666667      -0.488243082018081     
   1.18708166666667        1.48335208333333      -0.416398199627766     
   1.18708166666667        1.77962250000000      -0.358287884674531     
   1.18708166666667        2.07589291666667      -0.311595628862625     
   1.18708166666667        2.37216333333333      -0.273846548198954     
   1.18708166666667        2.66843375000000      -0.242574390406126     
   1.18708166666667        2.96470416666667      -0.216197972081886     
   1.18708166666667        3.26097458333333      -0.193587813161483     
   1.18708166666667        3.55724500000000      -0.173898923889835     
   1.18708166666667        3.85351541666667      -0.156530189987807     
   1.18708166666667        4.14978583333333      -0.141108218557415     
   1.18708166666667        4.44605625000000      -0.127422672439416     
   1.18708166666667        4.74232666666667      -0.115326704515747     
   1.18708166666667        5.03859708333333      -0.104673949646939     
   1.18708166666667        5.33486750000000      -9.531644404310774E-002
   1.18708166666667        5.63113791666667      -8.716230767214334E-002
   1.18708166666667        5.92740833333333      -8.006484597665542E-002
   1.18708166666667        6.22367875000000      -7.383210933570220E-002
   1.18708166666667        6.51994916666667      -6.827933404407824E-002
   1.18708166666667        6.81621958333333      -6.325420476675279E-002
   1.18708166666667        7.11249000000000      -5.854730757569972E-002
   1.48335208333333       2.000000000000000E-003 -0.765039641751230     
   1.48335208333333       0.298270416666667      -0.737911924614192     
   1.48335208333333       0.594540833333333      -0.668008847927027     
   1.48335208333333       0.890811250000000      -0.581503173395637     
   1.48335208333333        1.18708166666667      -0.497114299555290     
   1.48335208333333        1.48335208333333      -0.424012069845124     
   1.48335208333333        1.77962250000000      -0.364426280625529     
   1.48335208333333        2.07589291666667      -0.316979097146433     
   1.48335208333333        2.37216333333333      -0.278332034297684     
   1.48335208333333        2.66843375000000      -0.246353192568130     
   1.48335208333333        2.96470416666667      -0.219565032964262     
   1.48335208333333        3.26097458333333      -0.196765533891652     
   1.48335208333333        3.55724500000000      -0.176945383501211     
   1.48335208333333        3.85351541666667      -0.159320358690597     
   1.48335208333333        4.14978583333333      -0.143459514189410     
   1.48335208333333        4.44605625000000      -0.129241628734308     
   1.48335208333333        4.74232666666667      -0.116651167916829     
   1.48335208333333        5.03859708333333      -0.105590691246492     
   1.48335208333333        5.33486750000000      -9.590405147709047E-002
   1.48335208333333        5.63113791666667      -8.744409466461968E-002
   1.48335208333333        5.92740833333333      -8.008983485824957E-002
   1.48335208333333        6.22367875000000      -7.367716958526579E-002
   1.48335208333333        6.51994916666667      -6.801002944529928E-002
   1.48335208333333        6.81621958333333      -6.287439814296412E-002
   1.48335208333333        7.11249000000000      -5.805176681306029E-002
   1.77962250000000       2.000000000000000E-003 -0.714461736620832     
   1.77962250000000       0.298270416666667      -0.694190690886919     
   1.77962250000000       0.594540833333333      -0.638233366035058     
   1.77962250000000       0.890811250000000      -0.564440977626928     
   1.77962250000000        1.18708166666667      -0.488343428366400     
   1.77962250000000        1.48335208333333      -0.420119969783919     
   1.77962250000000        1.77962250000000      -0.363969451405872     
   1.77962250000000        2.07589291666667      -0.317698361993873     
   1.77962250000000        2.37216333333333      -0.279451579987967     
   1.77962250000000        2.66843375000000      -0.247689549110949     
   1.77962250000000        2.96470416666667      -0.221207853988620     
   1.77962250000000        3.26097458333333      -0.198860066372209     
   1.77962250000000        3.55724500000000      -0.179389510789140     
   1.77962250000000        3.85351541666667      -0.161767394539414     
   1.77962250000000        4.14978583333333      -0.145529421219210     
   1.77962250000000        4.44605625000000      -0.130758379415153     
   1.77962250000000        4.74232666666667      -0.117631558580370     
   1.77962250000000        5.03859708333333      -0.106190624403021     
   1.77962250000000        5.33486750000000      -9.623005404014290E-002
   1.77962250000000        5.63113791666667      -8.754752391554982E-002
   1.77962250000000        5.92740833333333      -7.999316475740456E-002
   1.77962250000000        6.22367875000000      -7.342326394646814E-002
   1.77962250000000        6.51994916666667      -6.763622100440229E-002
   1.77962250000000        6.81621958333333      -6.240554590292915E-002
   1.77962250000000        7.11249000000000      -5.752348705881696E-002
   2.07589291666667       2.000000000000000E-003 -0.648102880586220     
   2.07589291666667       0.298270416666667      -0.631683669739939     
   2.07589291666667       0.594540833333333      -0.588288419348460     
   2.07589291666667       0.890811250000000      -0.528205227076718     
   2.07589291666667        1.18708166666667      -0.465992329484256     
   2.07589291666667        1.48335208333333      -0.408206688006062     
   2.07589291666667        1.77962250000000      -0.357321858876743     
   2.07589291666667        2.07589291666667      -0.313905235305058     
   2.07589291666667        2.37216333333333      -0.277262875635950     
   2.07589291666667        2.66843375000000      -0.246539858245273     
   2.07589291666667        2.96470416666667      -0.221079131375369     
   2.07589291666667        3.26097458333333      -0.199918050128463     
   2.07589291666667        3.55724500000000      -0.181396755024271     
   2.07589291666667        3.85351541666667      -0.163953933289323     
   2.07589291666667        4.14978583333333      -0.147249143914440     
   2.07589291666667        4.44605625000000      -0.131866333028488     
   2.07589291666667        4.74232666666667      -0.118246265706868     
   2.07589291666667        5.03859708333333      -0.106446467670242     
   2.07589291666667        5.33486750000000      -9.630103136276867E-002
   2.07589291666667        5.63113791666667      -8.746565758356462E-002
   2.07589291666667        5.92740833333333      -7.976754740140596E-002
   2.07589291666667        6.22367875000000      -7.307009431254237E-002
   2.07589291666667        6.51994916666667      -6.718876836647174E-002
   2.07589291666667        6.81621958333333      -6.190158826001194E-002
   2.07589291666667        7.11249000000000      -5.700238971912532E-002
   2.37216333333333       2.000000000000000E-003 -0.574242688639493     
   2.37216333333333       0.298270416666667      -0.562986987103980     
   2.37216333333333       0.594540833333333      -0.532053255709045     
   2.37216333333333       0.890811250000000      -0.488255583752166     
   2.37216333333333        1.18708166666667      -0.438960528918935     
   2.37216333333333        1.48335208333333      -0.389985213104426     
   2.37216333333333        1.77962250000000      -0.345177562421958     
   2.37216333333333        2.07589291666667      -0.305846427186307     
   2.37216333333333        2.37216333333333      -0.271833154426202     
   2.37216333333333        2.66843375000000      -0.242931116813173     
   2.37216333333333        2.96470416666667      -0.219104607546841     
   2.37216333333333        3.26097458333333      -0.199920118717822     
   2.37216333333333        3.55724500000000      -0.183096016812781     
   2.37216333333333        3.85351541666667      -0.165891613236375     
   2.37216333333333        4.14978583333333      -0.148448375423966     
   2.37216333333333        4.44605625000000      -0.132434686339474     
   2.37216333333333        4.74232666666667      -0.118478028318009     
   2.37216333333333        5.03859708333333      -0.106447820257969     
   2.37216333333333        5.33486750000000      -9.611789728562567E-002
   2.37216333333333        5.63113791666667      -8.720017155275515E-002
   2.37216333333333        5.92740833333333      -7.939756654117004E-002
   2.37216333333333        6.22367875000000      -7.260930282314294E-002
   2.37216333333333        6.51994916666667      -6.667176362845183E-002
   2.37216333333333        6.81621958333333      -6.136639771846569E-002
   2.37216333333333        7.11249000000000      -5.648690016981325E-002
   2.66843375000000       2.000000000000000E-003 -0.513444785697066     
   2.66843375000000       0.298270416666667      -0.505168086275267     
   2.66843375000000       0.594540833333333      -0.481840134209739     
   2.66843375000000       0.890811250000000      -0.447504905740224     
   2.66843375000000        1.18708166666667      -0.407320236748771     
   2.66843375000000        1.48335208333333      -0.366322940915483     
   2.66843375000000        1.77962250000000      -0.328226403658364     
   2.66843375000000        2.07589291666667      -0.294034907894830     
   2.66843375000000        2.37216333333333      -0.263824548461527     
   2.66843375000000        2.66843375000000      -0.237490523082544     
   2.66843375000000        2.96470416666667      -0.215428484001924     
   2.66843375000000        3.26097458333333      -0.198606970554814     
   2.66843375000000        3.55724500000000      -0.184417789248021     
   2.66843375000000        3.85351541666667      -0.167201916413849     
   2.66843375000000        4.14978583333333      -0.148731178664638     
   2.66843375000000        4.44605625000000      -0.132446444885525     
   2.66843375000000        4.74232666666667      -0.118440941862873     
   2.66843375000000        5.03859708333333      -0.106271168496949     
   2.66843375000000        5.33486750000000      -9.575968927045028E-002
   2.66843375000000        5.63113791666667      -8.671900441612626E-002
   2.66843375000000        5.92740833333333      -7.884483722800650E-002
   2.66843375000000        6.22367875000000      -7.200405856584433E-002
   2.66843375000000        6.51994916666667      -6.604856590965577E-002
   2.66843375000000        6.81621958333333      -6.076036764862702E-002
   2.66843375000000        7.11249000000000      -5.592390424712798E-002
   2.96470416666667       2.000000000000000E-003 -0.456333523569577     
   2.96470416666667       0.298270416666667      -0.449889639591450     
   2.96470416666667       0.594540833333333      -0.431573013452078     
   2.96470416666667       0.890811250000000      -0.404234486077202     
   2.96470416666667        1.18708166666667      -0.371838402469315     
   2.96470416666667        1.48335208333333      -0.338732821380245     
   2.96470416666667        1.77962250000000      -0.307687697479597     
   2.96470416666667        2.07589291666667      -0.279521181794004     
   2.96470416666667        2.37216333333333      -0.254342393327604     
   2.96470416666667        2.66843375000000      -0.231672038087842     
   2.96470416666667        2.96470416666667      -0.211215058238806     
   2.96470416666667        3.26097458333333      -0.195380422628129     
   2.96470416666667        3.55724500000000      -0.184432831861034     
   2.96470416666667        3.85351541666667      -0.166695616048824     
   2.96470416666667        4.14978583333333      -0.148027338026837     
   2.96470416666667        4.44605625000000      -0.132406591120325     
   2.96470416666667        4.74232666666667      -0.118391190949664     
   2.96470416666667        5.03859708333333      -0.105909170133953     
   2.96470416666667        5.33486750000000      -9.512506892243518E-002
   2.96470416666667        5.63113791666667      -8.592633242423646E-002
   2.96470416666667        5.92740833333333      -7.800892036613788E-002
   2.96470416666667        6.22367875000000      -7.117140619366118E-002
   2.96470416666667        6.51994916666667      -6.525147564796133E-002
   2.96470416666667        6.81621958333333      -6.002138091695312E-002
   2.96470416666667        7.11249000000000      -5.525444227225221E-002
   3.26097458333333       2.000000000000000E-003 -0.400599517141873     
   3.26097458333333       0.298270416666667      -0.395598029149279     
   3.26097458333333       0.594540833333333      -0.381396385210301     
   3.26097458333333       0.890811250000000      -0.360153385093061     
   3.26097458333333        1.18708166666667      -0.334954789881707     
   3.26097458333333        1.48335208333333      -0.309313105739919     
   3.26097458333333        1.77962250000000      -0.285221775472429     
   3.26097458333333        2.07589291666667      -0.263255245165016     
   3.26097458333333        2.37216333333333      -0.243709109408217     
   3.26097458333333        2.66843375000000      -0.226160430512782     
   3.26097458333333        2.96470416666667      -0.209060228712322     
   3.26097458333333        3.26097458333333      -0.191123330078516     
   3.26097458333333        3.55724500000000      -0.179870329940268     
   3.26097458333333        3.85351541666667      -0.163563400308927     
   3.26097458333333        4.14978583333333      -0.148159923868674     
   3.26097458333333        4.44605625000000      -0.132794354096143     
   3.26097458333333        4.74232666666667      -0.117976523256691     
   3.26097458333333        5.03859708333333      -0.104923741590391     
   3.26097458333333        5.33486750000000      -9.388699145672366E-002
   3.26097458333333        5.63113791666667      -8.463144904161092E-002
   3.26097458333333        5.92740833333333      -7.675076703226869E-002
   3.26097458333333        6.22367875000000      -7.000611162234338E-002
   3.26097458333333        6.51994916666667      -6.419614803952643E-002
   3.26097458333333        6.81621958333333      -5.907757142238011E-002
   3.26097458333333        7.11249000000000      -5.441511180720012E-002
   3.55724500000000       2.000000000000000E-003 -0.348842923158561     
   3.55724500000000       0.298270416666667      -0.345082010289444     
   3.55724500000000       0.594540833333333      -0.334448927628494     
   3.55724500000000       0.890811250000000      -0.318554835369533     
   3.55724500000000        1.18708166666667      -0.299692650739232     
   3.55724500000000        1.48335208333333      -0.280521575441998     
   3.55724500000000        1.77962250000000      -0.262290176051826     
   3.55724500000000        2.07589291666667      -0.245528968951136     
   3.55724500000000        2.37216333333333      -0.230480363570420     
   3.55724500000000        2.66843375000000      -0.216954151420726     
   3.55724500000000        2.96470416666667      -0.203862582334937     
   3.55724500000000        3.26097458333333      -0.188260001411228     
   3.55724500000000        3.55724500000000      -0.169517117220499     
   3.55724500000000        3.85351541666667      -0.159220136976938     
   3.55724500000000        4.14978583333333      -0.146045196196491     
   3.55724500000000        4.44605625000000      -0.130195447284708     
   3.55724500000000        4.74232666666667      -0.115247673502675     
   3.55724500000000        5.03859708333333      -0.102373040075982     
   3.55724500000000        5.33486750000000      -9.159532492208287E-002
   3.55724500000000        5.63113791666667      -8.260022865238588E-002
   3.55724500000000        5.92740833333333      -7.495741846692199E-002
   3.55724500000000        6.22367875000000      -6.843457132568462E-002
   3.55724500000000        6.51994916666667      -6.282368099792252E-002
   3.55724500000000        6.81621958333333      -5.787652232305922E-002
   3.55724500000000        7.11249000000000      -5.335816122064464E-002
   3.85351541666667       2.000000000000000E-003 -0.304103164589900     
   3.85351541666667       0.298270416666667      -0.301383402084574     
   3.85351541666667       0.594540833333333      -0.293678604403787     
   3.85351541666667       0.890811250000000      -0.282098524520336     
   3.85351541666667        1.18708166666667      -0.268233028300736     
   3.85351541666667        1.48335208333333      -0.253929449125366     
   3.85351541666667        1.77962250000000      -0.240038495111569     
   3.85351541666667        2.07589291666667      -0.226738174522575     
   3.85351541666667        2.37216333333333      -0.214052579585289     
   3.85351541666667        2.66843375000000      -0.201337633293712     
   3.85351541666667        2.96470416666667      -0.187673410454762     
   3.85351541666667        3.26097458333333      -0.175286444668493     
   3.85351541666667        3.55724500000000      -0.163766091610234     
   3.85351541666667        3.85351541666667      -0.143670158605172     
   3.85351541666667        4.14978583333333      -0.132043018101347     
   3.85351541666667        4.44605625000000      -0.120809956095585     
   3.85351541666667        4.74232666666667      -0.108915987638682     
   3.85351541666667        5.03859708333333      -9.781238146559465E-002
   3.85351541666667        5.33486750000000      -8.810417203948234E-002
   3.85351541666667        5.63113791666667      -7.979400754487435E-002
   3.85351541666667        5.92740833333333      -7.262856633210597E-002
   3.85351541666667        6.22367875000000      -6.646449078427660E-002
   3.85351541666667        6.51994916666667      -6.113694332014172E-002
   3.85351541666667        6.81621958333333      -5.641429348030735E-002
   3.85351541666667        7.11249000000000      -5.207532030832018E-002
   4.14978583333333       2.000000000000000E-003 -0.267624001305460     
   4.14978583333333       0.298270416666667      -0.265668388810062     
   4.14978583333333       0.594540833333333      -0.260080756082783     
   4.14978583333333       0.890811250000000      -0.251569063344486     
   4.14978583333333        1.18708166666667      -0.241171889925633     
   4.14978583333333        1.48335208333333      -0.230113554363941     
   4.14978583333333        1.77962250000000      -0.218971554617694     
   4.14978583333333        2.07589291666667      -0.207787719504853     
   4.14978583333333        2.37216333333333      -0.196486085145920     
   4.14978583333333        2.66843375000000      -0.184746681678497     
   4.14978583333333        2.96470416666667      -0.173194602107844     
   4.14978583333333        3.26097458333333      -0.164861953061791     
   4.14978583333333        3.55724500000000      -0.154565552414514     
   4.14978583333333        3.85351541666667      -0.134437002929766     
   4.14978583333333        4.14978583333333      -0.119797758156132     
   4.14978583333333        4.44605625000000      -0.110190365721131     
   4.14978583333333        4.74232666666667      -0.101077387150583     
   4.14978583333333        5.03859708333333      -9.211329875207935E-002
   4.14978583333333        5.33486750000000      -8.382730313891738E-002
   4.14978583333333        5.63113791666667      -7.644597267570252E-002
   4.14978583333333        5.92740833333333      -6.990818189731261E-002
   4.14978583333333        6.22367875000000      -6.419589149809234E-002
   4.14978583333333        6.51994916666667      -5.920865217884676E-002
   4.14978583333333        6.81621958333333      -5.474459566453689E-002
   4.14978583333333        7.11249000000000      -5.060792206869003E-002
   4.44605625000000       2.000000000000000E-003 -0.238436612200039     
   4.44605625000000       0.298270416666667      -0.236953182634977     
   4.44605625000000       0.594540833333333      -0.232676774493679     
   4.44605625000000       0.890811250000000      -0.226069055214062     
   4.44605625000000        1.18708166666667      -0.217813821169805     
   4.44605625000000        1.48335208333333      -0.208702237927003     
   4.44605625000000        1.77962250000000      -0.199278231858773     
   4.44605625000000        2.07589291666667      -0.189543855624525     
   4.44605625000000        2.37216333333333      -0.179599457136326     
   4.44605625000000        2.66843375000000      -0.169670801634374     
   4.44605625000000        2.96470416666667      -0.160562557540957     
   4.44605625000000        3.26097458333333      -0.152721632442835     
   4.44605625000000        3.55724500000000      -0.142221753456082     
   4.44605625000000        3.85351541666667      -0.126678746020277     
   4.44605625000000        4.14978583333333      -0.112623267302392     
   4.44605625000000        4.44605625000000      -0.102521827687306     
   4.44605625000000        4.74232666666667      -9.421756791573686E-002
   4.44605625000000        5.03859708333333      -8.655051812625231E-002
   4.44605625000000        5.33486750000000      -7.943001499143627E-002
   4.44605625000000        5.63113791666667      -7.292315158884886E-002
   4.44605625000000        5.92740833333333      -6.701378667530554E-002
   4.44605625000000        6.22367875000000      -6.177974476583019E-002
   4.44605625000000        6.51994916666667      -5.715330171936235E-002
   4.44605625000000        6.81621958333333      -5.296046695543374E-002
   4.44605625000000        7.11249000000000      -4.903624235426781E-002
   4.74232666666667       2.000000000000000E-003 -0.214530564042778     
   4.74232666666667       0.298270416666667      -0.213286836812607     
   4.74232666666667       0.594540833333333      -0.209694923202622     
   4.74232666666667       0.890811250000000      -0.204127445020148     
   4.74232666666667        1.18708166666667      -0.197106209347323     
   4.74232666666667        1.48335208333333      -0.189203789616681     
   4.74232666666667        1.77962250000000      -0.180914570782045     
   4.74232666666667        2.07589291666667      -0.172375391155743     
   4.74232666666667        2.37216333333333      -0.163759487594602     
   4.74232666666667        2.66843375000000      -0.155365896578664     
   4.74232666666667        2.96470416666667      -0.147474825094830     
   4.74232666666667        3.26097458333333      -0.139609883570968     
   4.74232666666667        3.55724500000000      -0.129942861399404     
   4.74232666666667        3.85351541666667      -0.117985266003185     
   4.74232666666667        4.14978583333333      -0.106269725295206     
   4.74232666666667        4.44605625000000      -9.661438722160740E-002
   4.74232666666667        4.74232666666667      -8.865942801861264E-002
   4.74232666666667        5.03859708333333      -8.167560628499418E-002
   4.74232666666667        5.33486750000000      -7.533282889760064E-002
   4.74232666666667        5.63113791666667      -6.948245297401198E-002
   4.74232666666667        5.92740833333333      -6.412679313498541E-002
   4.74232666666667        6.22367875000000      -5.934913759826683E-002
   4.74232666666667        6.51994916666667      -5.507604529393277E-002
   4.74232666666667        6.81621958333333      -5.115595234742784E-002
   4.74232666666667        7.11249000000000      -4.745182461755651E-002
   5.03859708333333       2.000000000000000E-003 -0.194423825908107     
   5.03859708333333       0.298270416666667      -0.193240310130893     
   5.03859708333333       0.594540833333333      -0.189882869495143     
   5.03859708333333       0.890811250000000      -0.184774895237181     
   5.03859708333333        1.18708166666667      -0.178458496639144     
   5.03859708333333        1.48335208333333      -0.171410425906043     
   5.03859708333333        1.77962250000000      -0.164025357968872     
   5.03859708333333        2.07589291666667      -0.156563190369525     
   5.03859708333333        2.37216333333333      -0.149126305777022     
   5.03859708333333        2.66843375000000      -0.141876298558310     
   5.03859708333333        2.96470416666667      -0.134782162826880     
   5.03859708333333        3.26097458333333      -0.127379090284599     
   5.03859708333333        3.55724500000000      -0.118911152902160     
   5.03859708333333        3.85351541666667      -0.109351141287677     
   5.03859708333333        4.14978583333333      -9.977550082247962E-002
   5.03859708333333        4.44605625000000      -9.120523012607860E-002
   5.03859708333333        4.74232666666667      -8.383423162412572E-002
   5.03859708333333        5.03859708333333      -7.739048098636218E-002
   5.03859708333333        5.33486750000000      -7.157687218490791E-002
   5.03859708333333        5.63113791666667      -6.620480011552413E-002
   5.03859708333333        5.92740833333333      -6.133048935680818E-002
   5.03859708333333        6.22367875000000      -5.696198611719545E-002
   5.03859708333333        6.51994916666667      -5.302370227609324E-002
   5.03859708333333        6.81621958333333      -4.939477016427898E-002
   5.03859708333333        7.11249000000000      -4.593591152730050E-002
   5.33486750000000       2.000000000000000E-003 -0.177308060015112     
   5.33486750000000       0.298270416666667      -0.176119710479212     
   5.33486750000000       0.594540833333333      -0.172755063636321     
   5.33486750000000       0.890811250000000      -0.167809567378530     
   5.33486750000000        1.18708166666667      -0.161902850503412     
   5.33486750000000        1.48335208333333      -0.155524117093356     
   5.33486750000000        1.77962250000000      -0.148978882234383     
   5.33486750000000        2.07589291666667      -0.142444501165621     
   5.33486750000000        2.37216333333333      -0.136007926528975     
   5.33486750000000        2.66843375000000      -0.129665112293255     
   5.33486750000000        2.96470416666667      -0.123296300121392     
   5.33486750000000        3.26097458333333      -0.116594782357268     
   5.33486750000000        3.55724500000000      -0.109249627217659     
   5.33486750000000        3.85351541666667      -0.101335698888974     
   5.33486750000000        4.14978583333333      -9.338304846813265E-002
   5.33486750000000        4.44605625000000      -8.596619911095808E-002
   5.33486750000000        4.74232666666667      -7.933123043674399E-002
   5.33486750000000        5.03859708333333      -7.340702722018587E-002
   5.33486750000000        5.33486750000000      -6.800608814414337E-002
   5.33486750000000        5.63113791666667      -6.307820055367334E-002
   5.33486750000000        5.92740833333333      -5.860936502940826E-002
   5.33486750000000        6.22367875000000      -5.461994015734972E-002
   5.33486750000000        6.51994916666667      -5.104994367724399E-002
   5.33486750000000        6.81621958333333      -4.775686839376785E-002
   5.33486750000000        7.11249000000000      -4.457667519702296E-002
   5.63113791666667       2.000000000000000E-003 -0.162612400439868     
   5.63113791666667       0.298270416666667      -0.161353856096300     
   5.63113791666667       0.594540833333333      -0.157915395306922     
   5.63113791666667       0.890811250000000      -0.153078557717236     
   5.63113791666667        1.18708166666667      -0.147540535077020     
   5.63113791666667        1.48335208333333      -0.141759325326137     
   5.63113791666667        1.77962250000000      -0.135953895374414     
   5.63113791666667        2.07589291666667      -0.130219722018840     
   5.63113791666667        2.37216333333333      -0.124570901038331     
   5.63113791666667        2.66843375000000      -0.118949561532059     
   5.63113791666667        2.96470416666667      -0.113218184405827     
   5.63113791666667        3.26097458333333      -0.107207324596176     
   5.63113791666667        3.55724500000000      -0.100791540473183     
   5.63113791666667        3.85351541666667      -9.405928986838274E-002
   5.63113791666667        4.14978583333333      -8.730659975400576E-002
   5.63113791666667        4.44605625000000      -8.087711640523818E-002
   5.63113791666667        4.74232666666667      -7.494260863904753E-002
   5.63113791666667        5.03859708333333      -6.953252390577584E-002
   5.63113791666667        5.33486750000000      -6.459697234732587E-002
   5.63113791666667        5.63113791666667      -6.007154263702182E-002
   5.63113791666667        5.92740833333333      -5.598407408211881E-002
   5.63113791666667        6.22367875000000      -5.236833020087139E-002
   5.63113791666667        6.51994916666667      -4.918684282494931E-002
   5.63113791666667        6.81621958333333      -4.628195712533445E-002
   5.63113791666667        7.11249000000000      -4.340842864448496E-002
   5.92740833333333       2.000000000000000E-003 -0.149917681397585     
   5.92740833333333       0.298270416666667      -0.148543031971694     
   5.92740833333333       0.594540833333333      -0.144986983835720     
   5.92740833333333       0.890811250000000      -0.140272148511976     
   5.92740833333333        1.18708166666667      -0.135132049372826     
   5.92740833333333        1.48335208333333      -0.129919316896461     
   5.92740833333333        1.77962250000000      -0.124753874905014     
   5.92740833333333        2.07589291666667      -0.119649333444088     
   5.92740833333333        2.37216333333333      -0.114598263833549     
   5.92740833333333        2.66843375000000      -0.109543032781026     
   5.92740833333333        2.96470416666667      -0.104376025453446     
   5.92740833333333        3.26097458333333      -9.898435436742305E-002
   5.92740833333333        3.55724500000000      -9.332280752453127E-002
   5.92740833333333        3.85351541666667      -8.746984877022529E-002
   5.92740833333333        4.14978583333333      -8.161583879149732E-002
   5.92740833333333        4.44605625000000      -7.597878139673474E-002
   5.92740833333333        4.74232666666667      -7.071116858807923E-002
   5.92740833333333        5.03859708333333      -6.585827712936562E-002
   5.92740833333333        5.33486750000000      -6.136948141981111E-002
   5.92740833333333        5.63113791666667      -5.722931089190722E-002
   5.92740833333333        5.92740833333333      -5.348456635456950E-002
   5.92740833333333        6.22367875000000      -5.019340663381377E-002
   5.92740833333333        6.51994916666667      -4.739306621032637E-002
   5.92740833333333        6.81621958333333      -4.494446766231447E-002
   5.92740833333333        7.11249000000000      -4.242285630759780E-002
   6.22367875000000       2.000000000000000E-003 -0.138721586565858     
   6.22367875000000       0.298270416666667      -0.137135150357684     
   6.22367875000000       0.594540833333333      -0.133456763608162     
   6.22367875000000       0.890811250000000      -0.128980699768554     
   6.22367875000000        1.18708166666667      -0.124260914904597     
   6.22367875000000        1.48335208333333      -0.119533027831284     
   6.22367875000000        1.77962250000000      -0.114871738713513     
   6.22367875000000        2.07589291666667      -0.110254076475967     
   6.22367875000000        2.37216333333333      -0.105662574275271     
   6.22367875000000        2.66843375000000      -0.101070366829312     
   6.22367875000000        2.96470416666667      -9.640694595826327E-002
   6.22367875000000        3.26097458333333      -9.159442709853018E-002
   6.22367875000000        3.55724500000000      -8.660325133255938E-002
   6.22367875000000        3.85351541666667      -8.148869924273840E-002
   6.22367875000000        4.14978583333333      -7.638297417088898E-002
   6.22367875000000        4.44605625000000      -7.144295629768069E-002
   6.22367875000000        4.74232666666667      -6.678376523603972E-002
   6.22367875000000        5.03859708333333      -6.243461222743013E-002
   6.22367875000000        5.33486750000000      -5.836019182852781E-002
   6.22367875000000        5.63113791666667      -5.457751901920450E-002
   6.22367875000000        5.92740833333333      -5.111799493283658E-002
   6.22367875000000        6.22367875000000      -4.805705455655342E-002
   6.22367875000000        6.51994916666667      -4.555410210969862E-002
   6.22367875000000        6.81621958333333      -4.362133678827665E-002
   6.22367875000000        7.11249000000000      -4.153998047004982E-002
   6.51994916666667       2.000000000000000E-003 -0.128657253900620     
   6.51994916666667       0.298270416666667      -0.126637536945174     
   6.51994916666667       0.594540833333333      -0.122975383850808     
   6.51994916666667       0.890811250000000      -0.118888422094014     
   6.51994916666667        1.18708166666667      -0.114525840781545     
   6.51994916666667        1.48335208333333      -0.110135508598053     
   6.51994916666667        1.77962250000000      -0.105826485148609     
   6.51994916666667        2.07589291666667      -0.101596806577369     
   6.51994916666667        2.37216333333333      -9.742280528111627E-002
   6.51994916666667        2.66843375000000      -9.328017083158266E-002
   6.51994916666667        2.96470416666667      -8.912551401469872E-002
   6.51994916666667        3.26097458333333      -8.489207716132179E-002
   6.51994916666667        3.55724500000000      -8.053984461583641E-002
   6.51994916666667        3.85351541666667      -7.609143854969071E-002
   6.51994916666667        4.14978583333333      -7.163410676693596E-002
   6.51994916666667        4.44605625000000      -6.728395488049957E-002
   6.51994916666667        4.74232666666667      -6.313309754455490E-002
   6.51994916666667        5.03859708333333      -5.920968384550938E-002
   6.51994916666667        5.33486750000000      -5.552399892612427E-002
   6.51994916666667        5.63113791666667      -5.209203929125574E-002
   6.51994916666667        5.92740833333333      -4.890982704858730E-002
   6.51994916666667        6.22367875000000      -4.599984681188708E-002
   6.51994916666667        6.51994916666667      -4.355821888344292E-002
   6.51994916666667        6.81621958333333      -4.200584680517564E-002
   6.51994916666667        7.11249000000000      -4.051423262726051E-002
   6.81621958333333       2.000000000000000E-003 -0.119447764146914     
   6.81621958333333       0.298270416666667      -0.117067383098973     
   6.81621958333333       0.594540833333333      -0.113762330572838     
   6.81621958333333       0.890811250000000      -0.109834640574864     
   6.81621958333333        1.18708166666667      -0.105604018976034     
   6.81621958333333        1.48335208333333      -0.101412452993289     
   6.81621958333333        1.77962250000000      -9.737159635756733E-002
   6.81621958333333        2.07589291666667      -9.349415564349106E-002
   6.81621958333333        2.37216333333333      -8.975221961001030E-002
   6.81621958333333        2.66843375000000      -8.608984264777320E-002
   6.81621958333333        2.96470416666667      -8.246277762486239E-002
   6.81621958333333        3.26097458333333      -7.879797321676309E-002
   6.81621958333333        3.55724500000000      -7.503421179036900E-002
   6.81621958333333        3.85351541666667      -7.116277882254962E-002
   6.81621958333333        4.14978583333333      -6.724023990823674E-002
   6.81621958333333        4.44605625000000      -6.336221064621239E-002
   6.81621958333333        4.74232666666667      -5.961875963139188E-002
   6.81621958333333        5.03859708333333      -5.606403240063786E-002
   6.81621958333333        5.33486750000000      -5.274715992720803E-002
   6.81621958333333        5.63113791666667      -4.968980741697790E-002
   6.81621958333333        5.92740833333333      -4.687072677865486E-002
   6.81621958333333        6.22367875000000      -4.423039689613663E-002
   6.81621958333333        6.51994916666667      -4.175694711633333E-002
   6.81621958333333        6.81621958333333      -3.986421999362597E-002
   6.81621958333333        7.11249000000000      -3.869409173769051E-002
   7.11249000000000       2.000000000000000E-003 -0.108070972862175     
   7.11249000000000       0.298270416666667      -0.108113378050961     
   7.11249000000000       0.594540833333333      -0.105140341415253     
   7.11249000000000       0.890811250000000      -0.101185678640332     
   7.11249000000000        1.18708166666667      -9.713544784268852E-002
   7.11249000000000        1.48335208333333      -9.320558640125594E-002
   7.11249000000000        1.77962250000000      -8.947584681004998E-002
   7.11249000000000        2.07589291666667      -8.597359980928890E-002
   7.11249000000000        2.37216333333333      -8.268685516874634E-002
   7.11249000000000        2.66843375000000      -7.950837468164688E-002
   7.11249000000000        2.96470416666667      -7.637914630587557E-002
   7.11249000000000        3.26097458333333      -7.321491693577940E-002
   7.11249000000000        3.55724500000000      -6.993860176098020E-002
   7.11249000000000        3.85351541666667      -6.652416252165497E-002
   7.11249000000000        4.14978583333333      -6.301586413489622E-002
   7.11249000000000        4.44605625000000      -5.950669867727049E-002
   7.11249000000000        4.74232666666667      -5.609792257962341E-002
   7.11249000000000        5.03859708333333      -5.287319062565424E-002
   7.11249000000000        5.33486750000000      -4.990762562151928E-002
   7.11249000000000        5.63113791666667      -4.722951002423530E-002
   7.11249000000000        5.92740833333333      -4.483226275697247E-002
   7.11249000000000        6.22367875000000      -4.267539755205521E-002
   7.11249000000000        6.51994916666667      -4.067421324071446E-002
   7.11249000000000        6.81621958333333      -3.857172134170583E-002
   7.11249000000000        7.11249000000000      -3.596123253076031E-002
