  2.000000000000000E-003  2.000000000000000E-003  -2.00776543258722     
  2.000000000000000E-003  0.298270416666667       -1.86392813572058     
  2.000000000000000E-003  0.594540833333333       -1.60275017739003     
  2.000000000000000E-003  0.890811250000000       -1.23840168592044     
  2.000000000000000E-003   1.18708166666667      -0.930781846069571     
  2.000000000000000E-003   1.48335208333333      -0.711118016866654     
  2.000000000000000E-003   1.77962250000000      -0.557419166239943     
  2.000000000000000E-003   2.07589291666667      -0.447808220308912     
  2.000000000000000E-003   2.37216333333333      -0.367998513966644     
  2.000000000000000E-003   2.66843375000000      -0.308695102587468     
  2.000000000000000E-003   2.96470416666667      -0.264032561681686     
  2.000000000000000E-003   3.26097458333333      -0.229687022755421     
  2.000000000000000E-003   3.55724500000000      -0.202390204953535     
  2.000000000000000E-003   3.85351541666667      -0.179881132177660     
  2.000000000000000E-003   4.14978583333333      -0.160797551907446     
  2.000000000000000E-003   4.44605625000000      -0.144425332974335     
  2.000000000000000E-003   4.74232666666667      -0.130382785261281     
  2.000000000000000E-003   5.03859708333333      -0.118372826580249     
  2.000000000000000E-003   5.33486750000000      -0.108071276640626     
  2.000000000000000E-003   5.63113791666667      -9.922866989955305E-002
  2.000000000000000E-003   5.92740833333333      -9.162623345415818E-002
  2.000000000000000E-003   6.22367875000000      -8.503608200537689E-002
  2.000000000000000E-003   6.51994916666667      -7.909098245959197E-002
  2.000000000000000E-003   6.81621958333333      -7.292902952980840E-002
  2.000000000000000E-003   7.11249000000000      -6.607484258351370E-002
  0.298270416666667       2.000000000000000E-003  -1.86392794050628     
  0.298270416666667       0.298270416666667       -1.76778466432082     
  0.298270416666667       0.594540833333333       -1.50928289813389     
  0.298270416666667       0.890811250000000       -1.17784701516899     
  0.298270416666667        1.18708166666667      -0.897251401405981     
  0.298270416666667        1.48335208333333      -0.692372653885174     
  0.298270416666667        1.77962250000000      -0.546361555935855     
  0.298270416666667        2.07589291666667      -0.440908041262440     
  0.298270416666667        2.37216333333333      -0.363437486296570     
  0.298270416666667        2.66843375000000      -0.305558472840067     
  0.298270416666667        2.96470416666667      -0.261803131117723     
  0.298270416666667        3.26097458333333      -0.228046518715218     
  0.298270416666667        3.55724500000000      -0.201140422994670     
  0.298270416666667        3.85351541666667      -0.178899262234734     
  0.298270416666667        4.14978583333333      -0.160008035459604     
  0.298270416666667        4.44605625000000      -0.143778510480079     
  0.298270416666667        4.74232666666667      -0.129841017171285     
  0.298270416666667        5.03859708333333      -0.117905394442719     
  0.298270416666667        5.33486750000000      -0.107653717248257     
  0.298270416666667        5.63113791666667      -9.883567738378715E-002
  0.298270416666667        5.92740833333333      -9.123676312575928E-002
  0.298270416666667        6.22367875000000      -8.463102828097133E-002
  0.298270416666667        6.51994916666667      -7.862928991474544E-002
  0.298270416666667        6.81621958333333      -7.218999960942013E-002
  0.298270416666667        7.11249000000000      -6.499265821778898E-002
  0.594540833333333       2.000000000000000E-003  -1.60275004094302     
  0.594540833333333       0.298270416666667       -1.50928277527572     
  0.594540833333333       0.594540833333333       -1.28624026820244     
  0.594540833333333       0.890811250000000       -1.03203485790725     
  0.594540833333333        1.18708166666667      -0.812136829419551     
  0.594540833333333        1.48335208333333      -0.642689434789658     
  0.594540833333333        1.77962250000000      -0.516156345957635     
  0.594540833333333        2.07589291666667      -0.421629838039191     
  0.594540833333333        2.37216333333333      -0.350560485194065     
  0.594540833333333        2.66843375000000      -0.296648378555479     
  0.594540833333333        2.96470416666667      -0.255445780099077     
  0.594540833333333        3.26097458333333      -0.223355341459444     
  0.594540833333333        3.55724500000000      -0.197559106755543     
  0.594540833333333        3.85351541666667      -0.176083259777333     
  0.594540833333333        4.14978583333333      -0.157742845059864     
  0.594540833333333        4.44605625000000      -0.141920716098635     
  0.594540833333333        4.74232666666667      -0.128281520717487     
  0.594540833333333        5.03859708333333      -0.116552896063754     
  0.594540833333333        5.33486750000000      -0.106436167295363     
  0.594540833333333        5.63113791666667      -9.767521152030309E-002
  0.594540833333333        5.92740833333333      -9.004577233071036E-002
  0.594540833333333        6.22367875000000      -8.326431211450687E-002
  0.594540833333333        6.51994916666667      -7.678750776610750E-002
  0.594540833333333        6.81621958333333      -6.970830775452709E-002
  0.594540833333333        7.11249000000000      -6.280374830503660E-002
  0.890811250000000       2.000000000000000E-003  -1.23840183265746     
  0.890811250000000       0.298270416666667       -1.17784710388675     
  0.890811250000000       0.594540833333333       -1.03203494071535     
  0.890811250000000       0.890811250000000      -0.861503307806497     
  0.890811250000000        1.18708166666667      -0.705135046257320     
  0.890811250000000        1.48335208333333      -0.575931816197913     
  0.890811250000000        1.77962250000000      -0.473486431178821     
  0.890811250000000        2.07589291666667      -0.393494271761371     
  0.890811250000000        2.37216333333333      -0.331360125548666     
  0.890811250000000        2.66843375000000      -0.283228094968147     
  0.890811250000000        2.96470416666667      -0.245812718861017     
  0.890811250000000        3.26097458333333      -0.216219547091922     
  0.890811250000000        3.55724500000000      -0.192097831073611     
  0.890811250000000        3.85351541666667      -0.171782622264193     
  0.890811250000000        4.14978583333333      -0.154278666941363     
  0.890811250000000        4.44605625000000      -0.139072744524966     
  0.890811250000000        4.74232666666667      -0.125881905550596     
  0.890811250000000        5.03859708333333      -0.114463258997536     
  0.890811250000000        5.33486750000000      -0.104545755671767     
  0.890811250000000        5.63113791666667      -9.587081489760474E-002
  0.890811250000000        5.92740833333333      -8.819918116388710E-002
  0.890811250000000        6.22367875000000      -8.122344798520514E-002
  0.890811250000000        6.51994916666667      -7.448891818664050E-002
  0.890811250000000        6.81621958333333      -6.765724603158951E-002
  0.890811250000000        7.11249000000000      -6.143035241783131E-002
   1.18708166666667       2.000000000000000E-003 -0.930782220338525     
   1.18708166666667       0.298270416666667      -0.897251724384251     
   1.18708166666667       0.594540833333333      -0.812137079138217     
   1.18708166666667       0.890811250000000      -0.705135181898553     
   1.18708166666667        1.18708166666667      -0.599093130968698     
   1.18708166666667        1.48335208333333      -0.504839161088626     
   1.18708166666667        1.77962250000000      -0.425450838946434     
   1.18708166666667        2.07589291666667      -0.360523600916785     
   1.18708166666667        2.37216333333333      -0.308338023502343     
   1.18708166666667        2.66843375000000      -0.266884942513458     
   1.18708166666667        2.96470416666667      -0.233946380163323     
   1.18708166666667        3.26097458333333      -0.207359373941278     
   1.18708166666667        3.55724500000000      -0.185286979236609     
   1.18708166666667        3.85351541666667      -0.166409626506685     
   1.18708166666667        4.14978583333333      -0.149946340876019     
   1.18708166666667        4.44605625000000      -0.135504166943177     
   1.18708166666667        4.74232666666667      -0.122864241520447     
   1.18708166666667        5.03859708333333      -0.111825401904169     
   1.18708166666667        5.33486750000000      -0.102152771647656     
   1.18708166666667        5.63113791666667      -9.360984970127885E-002
   1.18708166666667        5.92740833333333      -8.597121014725544E-002
   1.18708166666667        6.22367875000000      -7.898013030628905E-002
   1.18708166666667        6.51994916666667      -7.235904282002192E-002
   1.18708166666667        6.81621958333333      -6.601350640350422E-002
   1.18708166666667        7.11249000000000      -6.027473051861384E-002
   1.48335208333333       2.000000000000000E-003 -0.711118456072317     
   1.48335208333333       0.298270416666667      -0.692373071203784     
   1.48335208333333       0.594540833333333      -0.642689780425029     
   1.48335208333333       0.890811250000000      -0.575932054479719     
   1.48335208333333        1.18708166666667      -0.504839276334541     
   1.48335208333333        1.48335208333333      -0.437423642953306     
   1.48335208333333        1.77962250000000      -0.377480095175625     
   1.48335208333333        2.07589291666667      -0.326286140337439     
   1.48335208333333        2.37216333333333      -0.283763790271670     
   1.48335208333333        2.66843375000000      -0.249012181170119     
   1.48335208333333        2.96470416666667      -0.220691551051032     
   1.48335208333333        3.26097458333333      -0.197359751167902     
   1.48335208333333        3.55724500000000      -0.177560778684127     
   1.48335208333333        3.85351541666667      -0.160309624693779     
   1.48335208333333        4.14978583333333      -0.145021880608072     
   1.48335208333333        4.44605625000000      -0.131448522857866     
   1.48335208333333        4.74232666666667      -0.119429541576211     
   1.48335208333333        5.03859708333333      -0.108815424074005     
   1.48335208333333        5.33486750000000      -9.942543288716477E-002
   1.48335208333333        5.63113791666667      -9.106790041167051E-002
   1.48335208333333        5.92740833333333      -8.355845722693896E-002
   1.48335208333333        6.22367875000000      -7.671172885214120E-002
   1.48335208333333        6.51994916666667      -7.035396706574859E-002
   1.48335208333333        6.81621958333333      -6.441990839285457E-002
   1.48335208333333        7.11249000000000      -5.901108345512430E-002
   1.77962250000000       2.000000000000000E-003 -0.557419514497771     
   1.77962250000000       0.298270416666667      -0.546361918472435     
   1.77962250000000       0.594540833333333      -0.516156681737866     
   1.77962250000000       0.890811250000000      -0.473486707973581     
   1.77962250000000        1.18708166666667      -0.425451035098148     
   1.77962250000000        1.48335208333333      -0.377480199450523     
   1.77962250000000        1.77962250000000      -0.332850237674433     
   1.77962250000000        2.07589291666667      -0.293254871989467     
   1.77962250000000        2.37216333333333      -0.259207874585033     
   1.77962250000000        2.66843375000000      -0.230743664823111     
   1.77962250000000        2.96470416666667      -0.207048117715880     
   1.77962250000000        3.26097458333333      -0.186976648288816     
   1.77962250000000        3.55724500000000      -0.169504508269185     
   1.77962250000000        3.85351541666667      -0.153901043419283     
   1.77962250000000        4.14978583333333      -0.139820803725986     
   1.77962250000000        4.44605625000000      -0.127117098012344     
   1.77962250000000        4.74232666666667      -0.115729282360289     
   1.77962250000000        5.03859708333333      -0.105567394903741     
   1.77962250000000        5.33486750000000      -9.648615088568475E-002
   1.77962250000000        5.63113791666667      -8.835779796457906E-002
   1.77962250000000        5.92740833333333      -8.105234970695456E-002
   1.77962250000000        6.22367875000000      -7.443544118545306E-002
   1.77962250000000        6.51994916666667      -6.837119207689457E-002
   1.77962250000000        6.81621958333333      -6.277272126859715E-002
   1.77962250000000        7.11249000000000      -5.762803736604359E-002
   2.07589291666667       2.000000000000000E-003 -0.447808429831641     
   2.07589291666667       0.298270416666667      -0.440908296959292     
   2.07589291666667       0.594540833333333      -0.421630128288850     
   2.07589291666667       0.890811250000000      -0.393494574340512     
   2.07589291666667        1.18708166666667      -0.360523879262845     
   2.07589291666667        1.48335208333333      -0.326286354059103     
   2.07589291666667        1.77962250000000      -0.293254987670809     
   2.07589291666667        2.07589291666667      -0.262855901617421     
   2.07589291666667        2.37216333333333      -0.236201549160472     
   2.07589291666667        2.66843375000000      -0.213436443880667     
   2.07589291666667        2.96470416666667      -0.193979816104224     
   2.07589291666667        3.26097458333333      -0.176932078979274     
   2.07589291666667        3.55724500000000      -0.161573852615925     
   2.07589291666667        3.85351541666667      -0.147514352850964     
   2.07589291666667        4.14978583333333      -0.134585492136041     
   2.07589291666667        4.44605625000000      -0.122717272105169     
   2.07589291666667        4.74232666666667      -0.111914672935109     
   2.07589291666667        5.03859708333333      -0.102171485925876     
   2.07589291666667        5.33486750000000      -9.341239148335265E-002
   2.07589291666667        5.63113791666667      -8.554566556343476E-002
   2.07589291666667        5.92740833333333      -7.848995374727186E-002
   2.07589291666667        6.22367875000000      -7.214227336981129E-002
   2.07589291666667        6.51994916666667      -6.637516777142086E-002
   2.07589291666667        6.81621958333333      -6.107665270691670E-002
   2.07589291666667        7.11249000000000      -5.617064674657304E-002
   2.37216333333333       2.000000000000000E-003 -0.367998702606860     
   2.37216333333333       0.298270416666667      -0.363437731271476     
   2.37216333333333       0.594540833333333      -0.350560804118569     
   2.37216333333333       0.890811250000000      -0.331360499334196     
   2.37216333333333        1.18708166666667      -0.308338403158035     
   2.37216333333333        1.48335208333333      -0.283764117805458     
   2.37216333333333        1.77962250000000      -0.259208106075933     
   2.37216333333333        2.07589291666667      -0.236201659272548     
   2.37216333333333        2.37216333333333      -0.215708685752125     
   2.37216333333333        2.66843375000000      -0.197855584892415     
   2.37216333333333        2.96470416666667      -0.182143239748279     
   2.37216333333333        3.26097458333333      -0.167698995587691     
   2.37216333333333        3.55724500000000      -0.154041832440054     
   2.37216333333333        3.85351541666667      -0.141293620663260     
   2.37216333333333        4.14978583333333      -0.129430522853176     
   2.37216333333333        4.44605625000000      -0.118311933916760     
   2.37216333333333        4.74232666666667      -0.108018433216146     
   2.37216333333333        5.03859708333333      -9.865780721543681E-002
   2.37216333333333        5.33486750000000      -9.022715046396694E-002
   2.37216333333333        5.63113791666667      -8.265831791791207E-002
   2.37216333333333        5.92740833333333      -7.588521690515836E-002
   2.37216333333333        6.22367875000000      -6.982528980364500E-002
   2.37216333333333        6.51994916666667      -6.435557381888901E-002
   2.37216333333333        6.81621958333333      -5.933954858057359E-002
   2.37216333333333        7.11249000000000      -5.467320964912578E-002
   2.66843375000000       2.000000000000000E-003 -0.308695334994196     
   2.66843375000000       0.298270416666667      -0.305558768854415     
   2.66843375000000       0.594540833333333      -0.296648765298790     
   2.66843375000000       0.890811250000000      -0.283228553611030     
   2.66843375000000        1.18708166666667      -0.266885416591125     
   2.66843375000000        1.48335208333333      -0.249012606060645     
   2.66843375000000        1.77962250000000      -0.230743985696093     
   2.66843375000000        2.07589291666667      -0.213436641078350     
   2.66843375000000        2.37216333333333      -0.197855677398559     
   2.66843375000000        2.66843375000000      -0.184199097765146     
   2.66843375000000        2.96470416666667      -0.171900531975010     
   2.66843375000000        3.26097458333333      -0.159611304076424     
   2.66843375000000        3.55724500000000      -0.146972521488241     
   2.66843375000000        3.85351541666667      -0.135276766069961     
   2.66843375000000        4.14978583333333      -0.124415950027354     
   2.66843375000000        4.44605625000000      -0.113877339205171     
   2.66843375000000        4.74232666666667      -0.103972128645091     
   2.66843375000000        5.03859708333333      -9.497131081722152E-002
   2.66843375000000        5.33486750000000      -8.689795134170172E-002
   2.66843375000000        5.63113791666667      -7.968051274912820E-002
   2.66843375000000        5.92740833333333      -7.323508839503656E-002
   2.66843375000000        6.22367875000000      -6.748066093757196E-002
   2.66843375000000        6.51994916666667      -6.229955442241867E-002
   2.66843375000000        6.81621958333333      -5.754742452877568E-002
   2.66843375000000        7.11249000000000      -5.310752138991911E-002
   2.96470416666667       2.000000000000000E-003 -0.264032820311762     
   2.96470416666667       0.298270416666667      -0.261803459431172     
   2.96470416666667       0.594540833333333      -0.255446206265757     
   2.96470416666667       0.890811250000000      -0.245813222473962     
   2.96470416666667        1.18708166666667      -0.233946902141365     
   2.96470416666667        1.48335208333333      -0.220692028778469     
   2.96470416666667        1.77962250000000      -0.207048486090184     
   2.96470416666667        2.07589291666667      -0.193980075351983     
   2.96470416666667        2.37216333333333      -0.182143418125016     
   2.96470416666667        2.66843375000000      -0.171900641349275     
   2.96470416666667        2.96470416666667      -0.162810775673819     
   2.96470416666667        3.26097458333333      -0.152662873301651     
   2.96470416666667        3.55724500000000      -0.140337021962884     
   2.96470416666667        3.85351541666667      -0.129610801594333     
   2.96470416666667        4.14978583333333      -0.119497873731617     
   2.96470416666667        4.44605625000000      -0.109204005349371     
   2.96470416666667        4.74232666666667      -9.962042453033713E-002
   2.96470416666667        5.03859708333333      -9.103854009771782E-002
   2.96470416666667        5.33486750000000      -8.338903761693103E-002
   2.96470416666667        5.63113791666667      -7.657598896336093E-002
   2.96470416666667        5.92740833333333      -7.051153038781841E-002
   2.96470416666667        6.22367875000000      -6.508366271369609E-002
   2.96470416666667        6.51994916666667      -6.019235432770543E-002
   2.96470416666667        6.81621958333333      -5.569674644559020E-002
   2.96470416666667        7.11249000000000      -5.147952854147220E-002
   3.26097458333333       2.000000000000000E-003 -0.229687237279347     
   3.26097458333333       0.298270416666667      -0.228046806362385     
   3.26097458333333       0.594540833333333      -0.223355730159488     
   3.26097458333333       0.890811250000000      -0.216220017586585     
   3.26097458333333        1.18708166666667      -0.207359870059964     
   3.26097458333333        1.48335208333333      -0.197360211631298     
   3.26097458333333        1.77962250000000      -0.186977016796004     
   3.26097458333333        2.07589291666667      -0.176932373602675     
   3.26097458333333        2.37216333333333      -0.167699253907872     
   3.26097458333333        2.66843375000000      -0.159611547294804     
   3.26097458333333        2.96470416666667      -0.152663076666261     
   3.26097458333333        3.26097458333333      -0.144933511121142     
   3.26097458333333        3.55724500000000      -0.133601895041981     
   3.26097458333333        3.85351541666667      -0.124122437474033     
   3.26097458333333        4.14978583333333      -0.113828019752244     
   3.26097458333333        4.44605625000000      -0.103763006915752     
   3.26097458333333        4.74232666666667      -9.481913610546033E-002
   3.26097458333333        5.03859708333333      -8.686354895643029E-002
   3.26097458333333        5.33486750000000      -7.972955871276270E-002
   3.26097458333333        5.63113791666667      -7.335599932591548E-002
   3.26097458333333        5.92740833333333      -6.768925192421682E-002
   3.26097458333333        6.22367875000000      -6.259650552434083E-002
   3.26097458333333        6.51994916666667      -5.799314075663198E-002
   3.26097458333333        6.81621958333333      -5.374980618449183E-002
   3.26097458333333        7.11249000000000      -4.975566946566317E-002
   3.55724500000000       2.000000000000000E-003 -0.202390298515452     
   3.55724500000000       0.298270416666667      -0.201140590347431     
   3.55724500000000       0.594540833333333      -0.197559377598220     
   3.55724500000000       0.890811250000000      -0.192098191256300     
   3.55724500000000        1.18708166666667      -0.185287379574976     
   3.55724500000000        1.48335208333333      -0.177561163318264     
   3.55724500000000        1.77962250000000      -0.169504831292059     
   3.55724500000000        2.07589291666667      -0.161574146424253     
   3.55724500000000        2.37216333333333      -0.154042136127037     
   3.55724500000000        2.66843375000000      -0.146972846265814     
   3.55724500000000        2.96470416666667      -0.140337342836944     
   3.55724500000000        3.26097458333333      -0.133602091901656     
   3.55724500000000        3.55724500000000      -0.124920220438688     
   3.55724500000000        3.85351541666667      -0.116419412613705     
   3.55724500000000        4.14978583333333      -0.106221371553903     
   3.55724500000000        4.44605625000000      -9.751426324773250E-002
   3.55724500000000        4.74232666666667      -8.976778488065595E-002
   3.55724500000000        5.03859708333333      -8.261179501429967E-002
   3.55724500000000        5.33486750000000      -7.602515339269202E-002
   3.55724500000000        5.63113791666667      -7.006636991147741E-002
   3.55724500000000        5.92740833333333      -6.477050715794791E-002
   3.55724500000000        6.22367875000000      -5.999707208539885E-002
   3.55724500000000        6.51994916666667      -5.567008268730345E-002
   3.55724500000000        6.81621958333333      -5.167182910241746E-002
   3.55724500000000        7.11249000000000      -4.790115084851518E-002
   3.85351541666667       2.000000000000000E-003 -0.179881069250294     
   3.85351541666667       0.298270416666667      -0.178899271367710     
   3.85351541666667       0.594540833333333      -0.176083374315666     
   3.85351541666667       0.890811250000000      -0.171782835359078     
   3.85351541666667        1.18708166666667      -0.166409897124924     
   3.85351541666667        1.48335208333333      -0.160309901679878     
   3.85351541666667        1.77962250000000      -0.153901289556405     
   3.85351541666667        2.07589291666667      -0.147514602690395     
   3.85351541666667        2.37216333333333      -0.141293905887976     
   3.85351541666667        2.66843375000000      -0.135277062765917     
   3.85351541666667        2.96470416666667      -0.129611012893002     
   3.85351541666667        3.26097458333333      -0.124122449552313     
   3.85351541666667        3.55724500000000      -0.116419228121788     
   3.85351541666667        3.85351541666667      -0.107652115822469     
   3.85351541666667        4.14978583333333      -9.875273065960075E-002
   3.85351541666667        4.44605625000000      -9.160557744070313E-002
   3.85351541666667        4.74232666666667      -8.494569434740179E-002
   3.85351541666667        5.03859708333333      -7.848250095723831E-002
   3.85351541666667        5.33486750000000      -7.236284809679268E-002
   3.85351541666667        5.63113791666667      -6.676525099170696E-002
   3.85351541666667        5.92740833333333      -6.178039826880451E-002
   3.85351541666667        6.22367875000000      -5.729535337244132E-002
   3.85351541666667        6.51994916666667      -5.322690176168401E-002
   3.85351541666667        6.81621958333333      -4.946399084632067E-002
   3.85351541666667        7.11249000000000      -4.591554464104668E-002
   4.14978583333333       2.000000000000000E-003 -0.160797362232846     
   4.14978583333333       0.298270416666667      -0.160007913307407     
   4.14978583333333       0.594540833333333      -0.157742826670774     
   4.14978583333333       0.890811250000000      -0.154278752672575     
   4.14978583333333        1.18708166666667      -0.149946497386321     
   4.14978583333333        1.48335208333333      -0.145022059625282     
   4.14978583333333        1.77962250000000      -0.139820965985661     
   4.14978583333333        2.07589291666667      -0.134585664788598     
   4.14978583333333        2.37216333333333      -0.129430729617928     
   4.14978583333333        2.66843375000000      -0.124416153651657     
   4.14978583333333        2.96470416666667      -0.119497963259574     
   4.14978583333333        3.26097458333333      -0.113827874108506     
   4.14978583333333        3.55724500000000      -0.106221021190994     
   4.14978583333333        3.85351541666667      -9.875248006985404E-002
   4.14978583333333        4.14978583333333      -9.233189970178535E-002
   4.14978583333333        4.44605625000000      -8.638129601991225E-002
   4.14978583333333        4.74232666666667      -8.042665566775463E-002
   4.14978583333333        5.03859708333333      -7.447102856423152E-002
   4.14978583333333        5.33486750000000      -6.873790099054136E-002
   4.14978583333333        5.63113791666667      -6.345322353327788E-002
   4.14978583333333        5.92740833333333      -5.874734196924328E-002
   4.14978583333333        6.22367875000000      -5.453035115975922E-002
   4.14978583333333        6.51994916666667      -5.070638792603716E-002
   4.14978583333333        6.81621958333333      -4.717058853754603E-002
   4.14978583333333        7.11249000000000      -4.384217347669072E-002
   4.44605625000000       2.000000000000000E-003 -0.144425094495811     
   4.44605625000000       0.298270416666667      -0.143778332573068     
   4.44605625000000       0.594540833333333      -0.141920634237261     
   4.44605625000000       0.890811250000000      -0.139072763932422     
   4.44605625000000        1.18708166666667      -0.135504260980840     
   4.44605625000000        1.48335208333333      -0.131448643457620     
   4.44605625000000        1.77962250000000      -0.127117198438213     
   4.44605625000000        2.07589291666667      -0.122717363435875     
   4.44605625000000        2.37216333333333      -0.118312036478812     
   4.44605625000000        2.66843375000000      -0.113877427664838     
   4.44605625000000        2.96470416666667      -0.109204004729663     
   4.44605625000000        3.26097458333333      -0.103762841639886     
   4.44605625000000        3.55724500000000      -9.751396039177168E-002
   4.44605625000000        3.85351541666667      -9.160530172152337E-002
   4.44605625000000        4.14978583333333      -8.638117022179584E-002
   4.44605625000000        4.44605625000000      -8.123193425428145E-002
   4.44605625000000        4.74232666666667      -7.586483001042821E-002
   4.44605625000000        5.03859708333333      -7.039176668275146E-002
   4.44605625000000        5.33486750000000      -6.505318684298887E-002
   4.44605625000000        5.63113791666667      -6.010597431638551E-002
   4.44605625000000        5.92740833333333      -5.569880648876598E-002
   4.44605625000000        6.22367875000000      -5.175357125368537E-002
   4.44605625000000        6.51994916666667      -4.817103130622614E-002
   4.44605625000000        6.81621958333333      -4.486024839081799E-002
   4.44605625000000        7.11249000000000      -4.175098220965397E-002
   4.74232666666667       2.000000000000000E-003 -0.130382581228444     
   4.74232666666667       0.298270416666667      -0.129840865895346     
   4.74232666666667       0.594540833333333      -0.128281451438570     
   4.74232666666667       0.890811250000000      -0.125881924728660     
   4.74232666666667        1.18708166666667      -0.122864328507946     
   4.74232666666667        1.48335208333333      -0.119429652633787     
   4.74232666666667        1.77962250000000      -0.115729361323327     
   4.74232666666667        2.07589291666667      -0.111914708855156     
   4.74232666666667        2.37216333333333      -0.108018447928311     
   4.74232666666667        2.66843375000000      -0.103972118881248     
   4.74232666666667        2.96470416666667      -9.962035693740649E-002
   4.74232666666667        3.26097458333333      -9.481897920357485E-002
   4.74232666666667        3.55724500000000      -8.976755885256525E-002
   4.74232666666667        3.85351541666667      -8.494547912680411E-002
   4.74232666666667        4.14978583333333      -8.042652370281883E-002
   4.74232666666667        4.44605625000000      -7.586478647217491E-002
   4.74232666666667        4.74232666666667      -7.106786258810294E-002
   4.74232666666667        5.03859708333333      -6.612087264477887E-002
   4.74232666666667        5.33486750000000      -6.124364980675692E-002
   4.74232666666667        5.63113791666667      -5.671876743105703E-002
   4.74232666666667        5.92740833333333      -5.266588143165130E-002
   4.74232666666667        6.22367875000000      -4.900832568938098E-002
   4.74232666666667        6.51994916666667      -4.567390467302708E-002
   4.74232666666667        6.81621958333333      -4.259456252566404E-002
   4.74232666666667        7.11249000000000      -3.970864653311838E-002
   5.03859708333333       2.000000000000000E-003 -0.118372705445256     
   5.03859708333333       0.298270416666667      -0.117905320080930     
   5.03859708333333       0.594540833333333      -0.116552885434935     
   5.03859708333333       0.890811250000000      -0.114463314570577     
   5.03859708333333        1.18708166666667      -0.111825510657924     
   5.03859708333333        1.48335208333333      -0.108815551315008     
   5.03859708333333        1.77962250000000      -0.105567491015081     
   5.03859708333333        2.07589291666667      -0.102171508579493     
   5.03859708333333        2.37216333333333      -9.865777545928023E-002
   5.03859708333333        2.66843375000000      -9.497124719482022E-002
   5.03859708333333        2.96470416666667      -9.103844735599723E-002
   5.03859708333333        3.26097458333333      -8.686342424474831E-002
   5.03859708333333        3.55724500000000      -8.261165343409968E-002
   5.03859708333333        3.85351541666667      -7.848237846875920E-002
   5.03859708333333        4.14978583333333      -7.447095666464362E-002
   5.03859708333333        4.44605625000000      -7.039174566350347E-002
   5.03859708333333        4.74232666666667      -6.612087599677675E-002
   5.03859708333333        5.03859708333333      -6.171252150761013E-002
   5.03859708333333        5.33486750000000      -5.736968500949662E-002
   5.03859708333333        5.63113791666667      -5.335144250957296E-002
   5.03859708333333        5.92740833333333      -4.967344498751294E-002
   5.03859708333333        6.22367875000000      -4.630974906664946E-002
   5.03859708333333        6.51994916666667      -4.323258314163536E-002
   5.03859708333333        6.81621958333333      -4.040711684542368E-002
   5.03859708333333        7.11249000000000      -3.775968414013994E-002
   5.33486750000000       2.000000000000000E-003 -0.108071208812093     
   5.33486750000000       0.298270416666667      -0.107653696275776     
   5.33486750000000       0.594540833333333      -0.106436200435706     
   5.33486750000000       0.890811250000000      -0.104545838108685     
   5.33486750000000        1.18708166666667      -0.102152892389723     
   5.33486750000000        1.48335208333333      -9.942557066140678E-002
   5.33486750000000        1.77962250000000      -9.648626615233535E-002
   5.33486750000000        2.07589291666667      -9.341244417121350E-002
   5.33486750000000        2.37216333333333      -9.022712317283903E-002
   5.33486750000000        2.66843375000000      -8.689788058587365E-002
   5.33486750000000        2.96470416666667      -8.338895636692625E-002
   5.33486750000000        3.26097458333333      -7.972948454743779E-002
   5.33486750000000        3.55724500000000      -7.602509758371245E-002
   5.33486750000000        3.85351541666667      -7.236282024137203E-002
   5.33486750000000        4.14978583333333      -6.873790351472894E-002
   5.33486750000000        4.44605625000000      -6.505320949917223E-002
   5.33486750000000        4.74232666666667      -6.124367475561709E-002
   5.33486750000000        5.03859708333333      -5.736969966850372E-002
   5.33486750000000        5.33486750000000      -5.361547784771669E-002
   5.33486750000000        5.63113791666667      -5.005839157368097E-002
   5.33486750000000        5.92740833333333      -4.672652119799074E-002
   5.33486750000000        6.22367875000000      -4.367873093025849E-002
   5.33486750000000        6.51994916666667      -4.090912035619402E-002
   5.33486750000000        6.81621958333333      -3.836449182932761E-002
   5.33486750000000        7.11249000000000      -3.596131812176123E-002
   5.63113791666667       2.000000000000000E-003 -9.922859194205534E-002
   5.63113791666667       0.298270416666667      -9.883565075580783E-002
   5.63113791666667       0.594540833333333      -9.767524373547448E-002
   5.63113791666667       0.890811250000000      -9.587089256316421E-002
   5.63113791666667        1.18708166666667      -9.360995723090994E-002
   5.63113791666667        1.48335208333333      -9.106802568071677E-002
   5.63113791666667        1.77962250000000      -8.835791871119705E-002
   5.63113791666667        2.07589291666667      -8.554574610788621E-002
   5.63113791666667        2.37216333333333      -8.265834115862621E-002
   5.63113791666667        2.66843375000000      -7.968048822478051E-002
   5.63113791666667        2.96470416666667      -7.657594685883205E-002
   5.63113791666667        3.26097458333333      -7.335597495268649E-002
   5.63113791666667        3.55724500000000      -7.006637610740957E-002
   5.63113791666667        3.85351541666667      -6.676528543281383E-002
   5.63113791666667        4.14978583333333      -6.345327459186764E-002
   5.63113791666667        4.44605625000000      -6.010602820648296E-002
   5.63113791666667        4.74232666666667      -5.671881322532268E-002
   5.63113791666667        5.03859708333333      -5.335147320688355E-002
   5.63113791666667        5.33486750000000      -5.005840437693234E-002
   5.63113791666667        5.63113791666667      -4.687829989512451E-002
   5.63113791666667        5.92740833333333      -4.391213940979759E-002
   5.63113791666667        6.22367875000000      -4.120582243077402E-002
   5.63113791666667        6.51994916666667      -3.875776737518782E-002
   5.63113791666667        6.81621958333333      -3.650422498190272E-002
   5.63113791666667        7.11249000000000      -3.433182936154588E-002
   5.92740833333333       2.000000000000000E-003 -9.162611199533641E-002
   5.92740833333333       0.298270416666667      -9.123669736886676E-002
   5.92740833333333       0.594540833333333      -9.004577872932831E-002
   5.92740833333333       0.890811250000000      -8.819924039898822E-002
   5.92740833333333        1.18708166666667      -8.597130132962762E-002
   5.92740833333333        1.48335208333333      -8.355856927556023E-002
   5.92740833333333        1.77962250000000      -8.105247020969977E-002
   5.92740833333333        2.07589291666667      -7.849005637247870E-002
   5.92740833333333        2.37216333333333      -7.588528441422443E-002
   5.92740833333333        2.66843375000000      -7.323512734428035E-002
   5.92740833333333        2.96470416666667      -7.051156102865327E-002
   5.92740833333333        3.26097458333333      -6.768929447557274E-002
   5.92740833333333        3.55724500000000      -6.477057090676744E-002
   5.92740833333333        3.85351541666667      -6.178047905423826E-002
   5.92740833333333        4.14978583333333      -5.874742786350296E-002
   5.92740833333333        4.44605625000000      -5.569888536184402E-002
   5.92740833333333        4.74232666666667      -5.266594485047932E-002
   5.92740833333333        5.03859708333333      -4.967348753439306E-002
   5.92740833333333        5.33486750000000      -4.672653788866491E-002
   5.92740833333333        5.63113791666667      -4.391213545998343E-002
   5.92740833333333        5.92740833333333      -4.130071283767182E-002
   5.92740833333333        6.22367875000000      -3.892600886870266E-002
   5.92740833333333        6.51994916666667      -3.679423740925546E-002
   5.92740833333333        6.81621958333333      -3.483091053235610E-002
   5.92740833333333        7.11249000000000      -3.286471670925532E-002
   6.22367875000000       2.000000000000000E-003 -8.503591942636148E-002
   6.22367875000000       0.298270416666667      -8.463092037685872E-002
   6.22367875000000       0.594540833333333      -8.326429016306379E-002
   6.22367875000000       0.890811250000000      -8.122349219524758E-002
   6.22367875000000        1.18708166666667      -7.898021779453981E-002
   6.22367875000000        1.48335208333333      -7.671184857539180E-002
   6.22367875000000        1.77962250000000      -7.443557978288019E-002
   6.22367875000000        2.07589291666667      -7.214240381910665E-002
   6.22367875000000        2.37216333333333      -6.982539729347535E-002
   6.22367875000000        2.66843375000000      -6.748075273201382E-002
   6.22367875000000        2.96470416666667      -6.508375354664289E-002
   6.22367875000000        3.26097458333333      -6.259660687479930E-002
   6.22367875000000        3.55724500000000      -5.999718557382121E-002
   6.22367875000000        3.85351541666667      -5.729547095918699E-002
   6.22367875000000        4.14978583333333      -5.453046120199158E-002
   6.22367875000000        4.44605625000000      -5.175366486662648E-002
   6.22367875000000        4.74232666666667      -4.900839867027718E-002
   6.22367875000000        5.03859708333333      -4.630979812252929E-002
   6.22367875000000        5.33486750000000      -4.367874304230145E-002
   6.22367875000000        5.63113791666667      -4.120581388989827E-002
   6.22367875000000        5.92740833333333      -3.892600928997683E-002
   6.22367875000000        6.22367875000000      -3.686464511018400E-002
   6.22367875000000        6.51994916666667      -3.502886638123676E-002
   6.22367875000000        6.81621958333333      -3.333109177236820E-002
   6.22367875000000        7.11249000000000      -3.152278592634171E-002
   6.51994916666667       2.000000000000000E-003 -7.909080993224053E-002
   6.51994916666667       0.298270416666667      -7.862914889828275E-002
   6.51994916666667       0.594540833333333      -7.678745609285834E-002
   6.51994916666667       0.890811250000000      -7.448895666764944E-002
   6.51994916666667        1.18708166666667      -7.235914104873559E-002
   6.51994916666667        1.48335208333333      -7.035411368011521E-002
   6.51994916666667        1.77962250000000      -6.837137034221191E-002
   6.51994916666667        2.07589291666667      -6.637533949449469E-002
   6.51994916666667        2.37216333333333      -6.435571759488394E-002
   6.51994916666667        2.66843375000000      -6.229968555230442E-002
   6.51994916666667        2.96470416666667      -6.019248639374917E-002
   6.51994916666667        3.26097458333333      -5.799327990206370E-002
   6.51994916666667        3.55724500000000      -5.567022521331639E-002
   6.51994916666667        3.85351541666667      -5.322703714049601E-002
   6.51994916666667        4.14978583333333      -5.070650586207251E-002
   6.51994916666667        4.44605625000000      -4.817112720870608E-002
   6.51994916666667        4.74232666666667      -4.567397989546776E-002
   6.51994916666667        5.03859708333333      -4.323263886639672E-002
   6.51994916666667        5.33486750000000      -4.090914096243524E-002
   6.51994916666667        5.63113791666667      -3.875778502455120E-002
   6.51994916666667        5.92740833333333      -3.679428069021816E-002
   6.51994916666667        6.22367875000000      -3.502892323521551E-002
   6.51994916666667        6.51994916666667      -3.343779884172847E-002
   6.51994916666667        6.81621958333333      -3.192163134454919E-002
   6.51994916666667        7.11249000000000      -3.021545833460828E-002
   6.81621958333333       2.000000000000000E-003 -7.292900616360995E-002
   6.81621958333333       0.298270416666667      -7.218991220456185E-002
   6.81621958333333       0.594540833333333      -6.970828863863904E-002
   6.81621958333333       0.890811250000000      -6.765732029273791E-002
   6.81621958333333        1.18708166666667      -6.601363249638451E-002
   6.81621958333333        1.48335208333333      -6.442008860409099E-002
   6.81621958333333        1.77962250000000      -6.277294388245111E-002
   6.81621958333333        2.07589291666667      -6.107686667456957E-002
   6.81621958333333        2.37216333333333      -5.933972097849138E-002
   6.81621958333333        2.66843375000000      -5.754757923391006E-002
   6.81621958333333        2.96470416666667      -5.569689925853326E-002
   6.81621958333333        3.26097458333333      -5.374996133210804E-002
   6.81621958333333        3.55724500000000      -5.167198058091740E-002
   6.81621958333333        3.85351541666667      -4.946412756957664E-002
   6.81621958333333        4.14978583333333      -4.717070245697804E-002
   6.81621958333333        4.44605625000000      -4.486033921758585E-002
   6.81621958333333        4.74232666666667      -4.259463733024494E-002
   6.81621958333333        5.03859708333333      -4.040718212435940E-002
   6.81621958333333        5.33486750000000      -3.836454305992806E-002
   6.81621958333333        5.63113791666667      -3.650430339780324E-002
   6.81621958333333        5.92740833333333      -3.483104289810557E-002
   6.81621958333333        6.22367875000000      -3.333127373976220E-002
   6.81621958333333        6.51994916666667      -3.192180942139468E-002
   6.81621958333333        6.81621958333333      -3.033778414146667E-002
   6.81621958333333        7.11249000000000      -2.867266954127019E-002
   7.11249000000000       2.000000000000000E-003 -6.607486179563558E-002
   7.11249000000000       0.298270416666667      -6.499282578162181E-002
   7.11249000000000       0.594540833333333      -6.280394300446004E-002
   7.11249000000000       0.890811250000000      -6.143052836817221E-002
   7.11249000000000        1.18708166666667      -6.027489750252710E-002
   7.11249000000000        1.48335208333333      -5.901128931650888E-002
   7.11249000000000        1.77962250000000      -5.762828685853180E-002
   7.11249000000000        2.07589291666667      -5.617088602980033E-002
   7.11249000000000        2.37216333333333      -5.467339614045198E-002
   7.11249000000000        2.66843375000000      -5.310768432474550E-002
   7.11249000000000        2.96470416666667      -5.147968568116090E-002
   7.11249000000000        3.26097458333333      -4.975582502058343E-002
   7.11249000000000        3.55724500000000      -4.790129899569476E-002
   7.11249000000000        3.85351541666667      -4.591567538514975E-002
   7.11249000000000        4.14978583333333      -4.384228096385872E-002
   7.11249000000000        4.44605625000000      -4.175106869561641E-002
   7.11249000000000        4.74232666666667      -3.970872203052544E-002
   7.11249000000000        5.03859708333333      -3.775976077934004E-002
   7.11249000000000        5.33486750000000      -3.596140397370350E-002
   7.11249000000000        5.63113791666667      -3.433196780980699E-002
   7.11249000000000        5.92740833333333      -3.286493089031010E-002
   7.11249000000000        6.22367875000000      -3.152307698102161E-002
   7.11249000000000        6.51994916666667      -3.021579415012535E-002
   7.11249000000000        6.81621958333333      -2.867287062700281E-002
   7.11249000000000        7.11249000000000      -2.666290421418455E-002
