  2.000000000000000E-003  2.000000000000000E-003 -0.169504831292056     
  2.000000000000000E-003  0.298270416666667      -0.179835482602981     
  2.000000000000000E-003  0.594540833333333      -0.184371056729057     
  2.000000000000000E-003  0.890811250000000      -0.184366678570125     
  2.000000000000000E-003   1.18708166666667      -0.183061827360820     
  2.000000000000000E-003   1.48335208333333      -0.181380873364523     
  2.000000000000000E-003   1.77962250000000      -0.179390011401313     
  2.000000000000000E-003   2.07589291666667      -0.176957756933459     
  2.000000000000000E-003   2.37216333333333      -0.173920449378960     
  2.000000000000000E-003   2.66843375000000      -0.170172995926058     
  2.000000000000000E-003   2.96470416666667      -0.165529239767715     
  2.000000000000000E-003   3.26097458333333      -0.159930812386278     
  2.000000000000000E-003   3.55724500000000      -0.153433601110883     
  2.000000000000000E-003   3.85351541666667      -0.146204602752323     
  2.000000000000000E-003   4.14978583333333      -0.138518075589183     
  2.000000000000000E-003   4.44605625000000      -0.130702157412860     
  2.000000000000000E-003   4.74232666666667      -0.123071087268066     
  2.000000000000000E-003   5.03859708333333      -0.115876749264637     
  2.000000000000000E-003   5.33486750000000      -0.109294061808678     
  2.000000000000000E-003   5.63113791666667      -0.103446517594177     
  2.000000000000000E-003   5.92740833333333      -9.840276606371998E-002
  2.000000000000000E-003   6.22367875000000      -9.405964821755972E-002
  2.000000000000000E-003   6.51994916666667      -8.973154049683572E-002
  2.000000000000000E-003   6.81621958333333      -8.348479797263542E-002
  2.000000000000000E-003   7.11249000000000      -7.591308880474212E-002
  0.298270416666667       2.000000000000000E-003 -0.188254462110405     
  0.298270416666667       0.298270416666667      -0.191078004413838     
  0.298270416666667       0.594540833333333      -0.195322826301964     
  0.298270416666667       0.890811250000000      -0.198556689429228     
  0.298270416666667        1.18708166666667      -0.199890025722830     
  0.298270416666667        1.48335208333333      -0.199910068507585     
  0.298270416666667        1.77962250000000      -0.198868938387758     
  0.298270416666667        2.07589291666667      -0.196786316326865     
  0.298270416666667        2.37216333333333      -0.193617481402371     
  0.298270416666667        2.66843375000000      -0.189257008904564     
  0.298270416666667        2.96470416666667      -0.183590927132035     
  0.298270416666667        3.26097458333333      -0.176663806861328     
  0.298270416666667        3.55724500000000      -0.168657046861448     
  0.298270416666667        3.85351541666667      -0.159866663141715     
  0.298270416666667        4.14978583333333      -0.150669909753489     
  0.298270416666667        4.44605625000000      -0.141456933035360     
  0.298270416666667        4.74232666666667      -0.132563275687681     
  0.298270416666667        5.03859708333333      -0.124232656761187     
  0.298270416666667        5.33486750000000      -0.116550227480560     
  0.298270416666667        5.63113791666667      -0.109584897941004     
  0.298270416666667        5.92740833333333      -0.103387489902035     
  0.298270416666667        6.22367875000000      -9.787446433037800E-002
  0.298270416666667        6.51994916666667      -9.261392406188493E-002
  0.298270416666667        6.81621958333333      -8.650092780850509E-002
  0.298270416666667        7.11249000000000      -7.844387490563706E-002
  0.594540833333333       2.000000000000000E-003 -0.203826598813226     
  0.594540833333333       0.298270416666667      -0.208994157965463     
  0.594540833333333       0.594540833333333      -0.211184461193373     
  0.594540833333333       0.890811250000000      -0.215412922093247     
  0.594540833333333        1.18708166666667      -0.219099573911093     
  0.594540833333333        1.48335208333333      -0.221087296253146     
  0.594540833333333        1.77962250000000      -0.221230604060864     
  0.594540833333333        2.07589291666667      -0.219597907225683     
  0.594540833333333        2.37216333333333      -0.216238608304726     
  0.594540833333333        2.66843375000000      -0.211073460365697     
  0.594540833333333        2.96470416666667      -0.204093526690968     
  0.594540833333333        3.26097458333333      -0.195480619848458     
  0.594540833333333        3.55724500000000      -0.185577966367706     
  0.594540833333333        3.85351541666667      -0.174853733981206     
  0.594540833333333        4.14978583333333      -0.163825945382488     
  0.594540833333333        4.44605625000000      -0.152960335227299     
  0.594540833333333        4.74232666666667      -0.142598922913558     
  0.594540833333333        5.03859708333333      -0.132954786839554     
  0.594540833333333        5.33486750000000      -0.124045325846366     
  0.594540833333333        5.63113791666667      -0.115884778520258     
  0.594540833333333        5.92740833333333      -0.108573821261725     
  0.594540833333333        6.22367875000000      -0.102134651200799     
  0.594540833333333        6.51994916666667      -9.615527546333474E-002
  0.594540833333333        6.81621958333333      -8.892518046551390E-002
  0.594540833333333        7.11249000000000      -7.960603039035351E-002
  0.890811250000000       2.000000000000000E-003 -0.216910804300063     
  0.890811250000000       0.298270416666667      -0.226094173575423     
  0.890811250000000       0.594540833333333      -0.231642059129250     
  0.890811250000000       0.890811250000000      -0.237488929233757     
  0.890811250000000        1.18708166666667      -0.242944806246039     
  0.890811250000000        1.48335208333333      -0.246564786412077     
  0.890811250000000        1.77962250000000      -0.247726882446821     
  0.890811250000000        2.07589291666667      -0.246402185897223     
  0.890811250000000        2.37216333333333      -0.242629721357529     
  0.890811250000000        2.66843375000000      -0.236341921514828     
  0.890811250000000        2.96470416666667      -0.227668668850195     
  0.890811250000000        3.26097458333333      -0.216937641225928     
  0.890811250000000        3.55724500000000      -0.204666542210328     
  0.890811250000000        3.85351541666667      -0.191542237161193     
  0.890811250000000        4.14978583333333      -0.178288475602936     
  0.890811250000000        4.44605625000000      -0.165473729461509     
  0.890811250000000        4.74232666666667      -0.153416189589822     
  0.890811250000000        5.03859708333333      -0.142240047214950     
  0.890811250000000        5.33486750000000      -0.131937860722536     
  0.890811250000000        5.63113791666667      -0.122444048794563     
  0.890811250000000        5.92740833333333      -0.113887503502894     
  0.890811250000000        6.22367875000000      -0.106291436169642     
  0.890811250000000        6.51994916666667      -9.916355843634922E-002
  0.890811250000000        6.81621958333333      -9.130829773491245E-002
  0.890811250000000        7.11249000000000      -8.284696172345180E-002
   1.18708166666667       2.000000000000000E-003 -0.230441663638316     
   1.18708166666667       0.298270416666667      -0.243662850944269     
   1.18708166666667       0.594540833333333      -0.254322392219825     
   1.18708166666667       0.890811250000000      -0.263830964738261     
   1.18708166666667        1.18708166666667      -0.271859317306392     
   1.18708166666667        1.48335208333333      -0.277303390042741     
   1.18708166666667        1.77962250000000      -0.279510148676734     
   1.18708166666667        2.07589291666667      -0.278402010560398     
   1.18708166666667        2.37216333333333      -0.273923526897402     
   1.18708166666667        2.66843375000000      -0.266122684051187     
   1.18708166666667        2.96470416666667      -0.255310721711862     
   1.18708166666667        3.26097458333333      -0.241932118123006     
   1.18708166666667        3.55724500000000      -0.226644367285224     
   1.18708166666667        3.85351541666667      -0.210439605006013     
   1.18708166666667        4.14978583333333      -0.194412590493702     
   1.18708166666667        4.44605625000000      -0.179295595177773     
   1.18708166666667        4.74232666666667      -0.165303005690170     
   1.18708166666667        5.03859708333333      -0.152364295562821     
   1.18708166666667        5.33486750000000      -0.140397664870105     
   1.18708166666667        5.63113791666667      -0.129333269390490     
   1.18708166666667        5.92740833333333      -0.119292822728950     
   1.18708166666667        6.22367875000000      -0.110345123517476     
   1.18708166666667        6.51994916666667      -0.102166896487231     
   1.18708166666667        6.81621958333333      -9.413609847750748E-002
   1.18708166666667        7.11249000000000      -8.626829070922966E-002
   1.48335208333333       2.000000000000000E-003 -0.245505966493901     
   1.48335208333333       0.298270416666667      -0.263238999905198     
   1.48335208333333       0.594540833333333      -0.279518327931239     
   1.48335208333333       0.890811250000000      -0.294053220974325     
   1.48335208333333        1.18708166666667      -0.305886981353734     
   1.48335208333333        1.48335208333333      -0.313967462247686     
   1.48335208333333        1.77962250000000      -0.317784189078605     
   1.48335208333333        2.07589291666667      -0.317081569100119     
   1.48335208333333        2.37216333333333      -0.311708046251252     
   1.48335208333333        2.66843375000000      -0.302003139698861     
   1.48335208333333        2.96470416666667      -0.288566042313539     
   1.48335208333333        3.26097458333333      -0.271805141012364     
   1.48335208333333        3.55724500000000      -0.252554986142778     
   1.48335208333333        3.85351541666667      -0.232178461932828     
   1.48335208333333        4.14978583333333      -0.212454146335231     
   1.48335208333333        4.44605625000000      -0.194655895193011     
   1.48335208333333        4.74232666666667      -0.178551078677256     
   1.48335208333333        5.03859708333333      -0.163623190519855     
   1.48335208333333        5.33486750000000      -0.149642855735904     
   1.48335208333333        5.63113791666667      -0.136674704848464     
   1.48335208333333        5.92740833333333      -0.124884482230763     
   1.48335208333333        6.22367875000000      -0.114463073442179     
   1.48335208333333        6.51994916666667      -0.105278343180635     
   1.48335208333333        6.81621958333333      -9.693235215526724E-002
   1.48335208333333        7.11249000000000      -8.915298603227129E-002
   1.77962250000000       2.000000000000000E-003 -0.262290176051827     
   1.77962250000000       0.298270416666667      -0.285234465102060     
   1.77962250000000       0.594540833333333      -0.307716881275788     
   1.77962250000000       0.890811250000000      -0.328271028541387     
   1.77962250000000        1.18708166666667      -0.345252900540459     
   1.77962250000000        1.48335208333333      -0.357425436275095     
   1.77962250000000        1.77962250000000      -0.364104370934709     
   1.77962250000000        2.07589291666667      -0.364586143692366     
   1.77962250000000        2.37216333333333      -0.358452146857013     
   1.77962250000000        2.66843375000000      -0.345802570019940     
   1.77962250000000        2.96470416666667      -0.328346753153216     
   1.77962250000000        3.26097458333333      -0.307499696899281     
   1.77962250000000        3.55724500000000      -0.283820557542719     
   1.77962250000000        3.85351541666667      -0.258524957453166     
   1.77962250000000        4.14978583333333      -0.234110860470455     
   1.77962250000000        4.44605625000000      -0.212476188249363     
   1.77962250000000        4.74232666666667      -0.193607973380777     
   1.77962250000000        5.03859708333333      -0.176378371255954     
   1.77962250000000        5.33486750000000      -0.159939200606027     
   1.77962250000000        5.63113791666667      -0.144575298191385     
   1.77962250000000        5.92740833333333      -0.130717036540100     
   1.77962250000000        6.22367875000000      -0.118658317178782     
   1.77962250000000        6.51994916666667      -0.108383726278234     
   1.77962250000000        6.81621958333333      -9.951921671529274E-002
   1.77962250000000        7.11249000000000      -9.155817718963229E-002
   2.07589291666667       2.000000000000000E-003 -0.280542175359003     
   2.07589291666667       0.298270416666667      -0.309352748182064     
   2.07589291666667       0.594540833333333      -0.338789874093501     
   2.07589291666667       0.890811250000000      -0.366409875472003     
   2.07589291666667        1.18708166666667      -0.390106313414354     
   2.07589291666667        1.48335208333333      -0.408374571032865     
   2.07589291666667        1.77962250000000      -0.420345140347829     
   2.07589291666667        2.07589291666667      -0.424265075026392     
   2.07589291666667        2.37216333333333      -0.416638944628831     
   2.07589291666667        2.66843375000000      -0.399222363686323     
   2.07589291666667        2.96470416666667      -0.376357676775571     
   2.07589291666667        3.26097458333333      -0.351130590106893     
   2.07589291666667        3.55724500000000      -0.322822188892610     
   2.07589291666667        3.85351541666667      -0.291392630873235     
   2.07589291666667        4.14978583333333      -0.261045501051858     
   2.07589291666667        4.44605625000000      -0.234976582069290     
   2.07589291666667        4.74232666666667      -0.212351016616200     
   2.07589291666667        5.03859708333333      -0.191341009295521     
   2.07589291666667        5.33486750000000      -0.171486429971453     
   2.07589291666667        5.63113791666667      -0.153088976630352     
   2.07589291666667        5.92740833333333      -0.136740219589894     
   2.07589291666667        6.22367875000000      -0.122828587586226     
   2.07589291666667        6.51994916666667      -0.111347343825329     
   2.07589291666667        6.81621958333333      -0.101843309743870     
   2.07589291666667        7.11249000000000      -9.359667647671667E-002
   2.37216333333333       2.000000000000000E-003 -0.299741158179982     
   2.37216333333333       0.298270416666667      -0.335029872479528     
   2.37216333333333       0.594540833333333      -0.371939023409811     
   2.37216333333333       0.890811250000000      -0.407451131905304     
   2.37216333333333        1.18708166666667      -0.439142407222741     
   2.37216333333333        1.48335208333333      -0.466263877437225     
   2.37216333333333        1.77962250000000      -0.488688060682090     
   2.37216333333333        2.07589291666667      -0.497494883646707     
   2.37216333333333        2.37216333333333      -0.488588237849812     
   2.37216333333333        2.66843375000000      -0.464847816077503     
   2.37216333333333        2.96470416666667      -0.434425608298258     
   2.37216333333333        3.26097458333333      -0.404980111383925     
   2.37216333333333        3.55724500000000      -0.372459898049012     
   2.37216333333333        3.85351541666667      -0.332411441645780     
   2.37216333333333        4.14978583333333      -0.294444122711141     
   2.37216333333333        4.44605625000000      -0.264029880698747     
   2.37216333333333        4.74232666666667      -0.236800276677828     
   2.37216333333333        5.03859708333333      -0.209902447399054     
   2.37216333333333        5.33486750000000      -0.184365293305949     
   2.37216333333333        5.63113791666667      -0.161999654173140     
   2.37216333333333        5.92740833333333      -0.142766109112599     
   2.37216333333333        6.22367875000000      -0.126822484889079     
   2.37216333333333        6.51994916666667      -0.114053555605479     
   2.37216333333333        6.81621958333333      -0.103859771983700     
   2.37216333333333        7.11249000000000      -9.531481909999957E-002
   2.66843375000000       2.000000000000000E-003 -0.318618000768052     
   2.66843375000000       0.298270416666667      -0.360249982977495     
   2.66843375000000       0.594540833333333      -0.404362525635998     
   2.66843375000000       0.890811250000000      -0.447676744704243     
   2.66843375000000        1.18708166666667      -0.488514899789921     
   2.66843375000000        1.48335208333333      -0.528636137652630     
   2.66843375000000        1.77962250000000      -0.564980116827851     
   2.66843375000000        2.07589291666667      -0.582093013228818     
   2.66843375000000        2.37216333333333      -0.575306681339177     
   2.66843375000000        2.66843375000000      -0.544996599888908     
   2.66843375000000        2.96470416666667      -0.502704318354253     
   2.66843375000000        3.26097458333333      -0.468665757466971     
   2.66843375000000        3.55724500000000      -0.434583434460669     
   2.66843375000000        3.85351541666667      -0.381896178753590     
   2.66843375000000        4.14978583333333      -0.337074264508263     
   2.66843375000000        4.44605625000000      -0.304464237237364     
   2.66843375000000        4.74232666666667      -0.270156524467749     
   2.66843375000000        5.03859708333333      -0.233191750066787     
   2.66843375000000        5.33486750000000      -0.198699267946360     
   2.66843375000000        5.63113791666667      -0.170695342211796     
   2.66843375000000        5.92740833333333      -0.148398955471027     
   2.66843375000000        6.22367875000000      -0.130423999543061     
   2.66843375000000        6.51994916666667      -0.116400796820252     
   2.66843375000000        6.81621958333333      -0.105551942974850     
   2.66843375000000        7.11249000000000      -9.674282915491193E-002
   2.96470416666667       2.000000000000000E-003 -0.334517008888243     
   2.96470416666667       0.298270416666667      -0.381505085810499     
   2.96470416666667       0.594540833333333      -0.431722466551118     
   2.96470416666667       0.890811250000000      -0.482053044699075     
   2.96470416666667        1.18708166666667      -0.532400677605519     
   2.96470416666667        1.48335208333333      -0.588918705934851     
   2.96470416666667        1.77962250000000      -0.638860611035962     
   2.96470416666667        2.07589291666667      -0.668825548073204     
   2.96470416666667        2.37216333333333      -0.672025581628019     
   2.96470416666667        2.66843375000000      -0.641039322038609     
   2.96470416666667        2.96470416666667      -0.582030094751017     
   2.96470416666667        3.26097458333333      -0.534016992589768     
   2.96470416666667        3.55724500000000      -0.502594436553546     
   2.96470416666667        3.85351541666667      -0.438483897379445     
   2.96470416666667        4.14978583333333      -0.401065895732255     
   2.96470416666667        4.44605625000000      -0.366538079510938     
   2.96470416666667        4.74232666666667      -0.315328863240194     
   2.96470416666667        5.03859708333333      -0.260628066167221     
   2.96470416666667        5.33486750000000      -0.213525826846728     
   2.96470416666667        5.63113791666667      -0.178137607536661     
   2.96470416666667        5.92740833333333      -0.153060229734466     
   2.96470416666667        6.22367875000000      -0.133337610897971     
   2.96470416666667        6.51994916666667      -0.118254170801686     
   2.96470416666667        6.81621958333333      -0.106857388841819     
   2.96470416666667        7.11249000000000      -9.783571455959464E-002
   3.26097458333333       2.000000000000000E-003 -0.345148205175061     
   3.26097458333333       0.298270416666667      -0.395712968442707     
   3.26097458333333       0.594540833333333      -0.450056711046812     
   3.26097458333333       0.890811250000000      -0.505417345023357     
   3.26097458333333        1.18708166666667      -0.563408446327470     
   3.26097458333333        1.48335208333333      -0.632361886399464     
   3.26097458333333        1.77962250000000      -0.694898882430310     
   3.26097458333333        2.07589291666667      -0.738797737508900     
   3.26097458333333        2.37216333333333      -0.758166934915982     
   3.26097458333333        2.66843375000000      -0.741834421795757     
   3.26097458333333        2.96470416666667      -0.683016475429587     
   3.26097458333333        3.26097458333333      -0.601979313161687     
   3.26097458333333        3.55724500000000      -0.548359455537236     
   3.26097458333333        3.85351541666667      -0.520772670507183     
   3.26097458333333        4.14978583333333      -0.513699177245285     
   3.26097458333333        4.44605625000000      -0.450512541914638     
   3.26097458333333        4.74232666666667      -0.364030903284393     
   3.26097458333333        5.03859708333333      -0.285922208882584     
   3.26097458333333        5.33486750000000      -0.225676528539983     
   3.26097458333333        5.63113791666667      -0.183602941220927     
   3.26097458333333        5.92740833333333      -0.156141575771601     
   3.26097458333333        6.22367875000000      -0.135247980682071     
   3.26097458333333        6.51994916666667      -0.119455125426820     
   3.26097458333333        6.81621958333333      -0.107690772226952     
   3.26097458333333        7.11249000000000      -9.852756996726400E-002
   3.55724500000000       2.000000000000000E-003 -0.348899939367480     
   3.55724500000000       0.298270416666667      -0.400714722312047     
   3.55724500000000       0.594540833333333      -0.456513623557306     
   3.55724500000000       0.890811250000000      -0.513718684165747     
   3.55724500000000        1.18708166666667      -0.574696397885646     
   3.55724500000000        1.48335208333333      -0.648831592846803     
   3.55724500000000        1.77962250000000      -0.715240494128491     
   3.55724500000000        2.07589291666667      -0.766018529894872     
   3.55724500000000        2.37216333333333      -0.794486310284724     
   3.55724500000000        2.66843375000000      -0.792150826735152     
   3.55724500000000        2.96470416666667      -0.754831191802885     
   3.55724500000000        3.26097458333333      -0.685868397148682     
   3.55724500000000        3.55724500000000      -0.558007629108602     
   3.55724500000000        3.85351541666667      -0.616463855531087     
   3.55724500000000        4.14978583333333      -0.602344094955109     
   3.55724500000000        4.44605625000000      -0.498337337827646     
   3.55724500000000        4.74232666666667      -0.387050629890494     
   3.55724500000000        5.03859708333333      -0.296705208752013     
   3.55724500000000        5.33486750000000      -0.230529805911084     
   3.55724500000000        5.63113791666667      -0.185604525122525     
   3.55724500000000        5.92740833333333      -0.157219055709735     
   3.55724500000000        6.22367875000000      -0.135917489162152     
   3.55724500000000        6.51994916666667      -0.119875842032809     
   3.55724500000000        6.81621958333333      -0.107981473885792     
   3.55724500000000        7.11249000000000      -9.876772496331943E-002
   3.85351541666667       2.000000000000000E-003 -0.345140027443165     
   3.85351541666667       0.298270416666667      -0.395702187971560     
   3.85351541666667       0.594540833333333      -0.450043610316508     
   3.85351541666667       0.890811250000000      -0.505401966762530     
   3.85351541666667        1.18708166666667      -0.563389861321623     
   3.85351541666667        1.48335208333333      -0.632336743516971     
   3.85351541666667        1.77962250000000      -0.694862083398265     
   3.85351541666667        2.07589291666667      -0.738741428019343     
   3.85351541666667        2.37216333333333      -0.758078095520394     
   3.85351541666667        2.66843375000000      -0.741695942251209     
   3.85351541666667        2.96470416666667      -0.682829325546541     
   3.85351541666667        3.26097458333333      -0.601837522881278     
   3.85351541666667        3.55724500000000      -0.548293710047936     
   3.85351541666667        3.85351541666667      -0.520860413943364     
   3.85351541666667        4.14978583333333      -0.513912828741392     
   3.85351541666667        4.44605625000000      -0.450665305408334     
   3.85351541666667        4.74232666666667      -0.364112379256973     
   3.85351541666667        5.03859708333333      -0.285960739164686     
   3.85351541666667        5.33486750000000      -0.225694048628609     
   3.85351541666667        5.63113791666667      -0.183612759588578     
   3.85351541666667        5.92740833333333      -0.156150621448084     
   3.85351541666667        6.22367875000000      -0.135258364877154     
   3.85351541666667        6.51994916666667      -0.119467520986103     
   3.85351541666667        6.81621958333333      -0.107704828790443     
   3.85351541666667        7.11249000000000      -9.854208906982009E-002
   4.14978583333333       2.000000000000000E-003 -0.334502288746690     
   4.14978583333333       0.298270416666667      -0.381485371593618     
   4.14978583333333       0.594540833333333      -0.431698382468725     
   4.14978583333333       0.890811250000000      -0.482024965528963     
   4.14978583333333        1.18708166666667      -0.532367637091746     
   4.14978583333333        1.48335208333333      -0.588876252550774     
   4.14978583333333        1.77962250000000      -0.638802148671437     
   4.14978583333333        2.07589291666667      -0.668743694041789     
   4.14978583333333        2.37216333333333      -0.671912378605522     
   4.14978583333333        2.66843375000000      -0.640897781253871     
   4.14978583333333        2.96470416666667      -0.581895316034355     
   4.14978583333333        3.26097458333333      -0.533932438713539     
   4.14978583333333        3.55724500000000      -0.502480886582401     
   4.14978583333333        3.85351541666667      -0.438437023584596     
   4.14978583333333        4.14978583333333      -0.401180486252790     
   4.14978583333333        4.44605625000000      -0.366677787421714     
   4.14978583333333        4.74232666666667      -0.315424551009449     
   4.14978583333333        5.03859708333333      -0.260680990325694     
   4.14978583333333        5.33486750000000      -0.213553715176984     
   4.14978583333333        5.63113791666667      -0.178156233742016     
   4.14978583333333        5.92740833333333      -0.153078733966017     
   4.14978583333333        6.22367875000000      -0.133358741694998     
   4.14978583333333        6.51994916666667      -0.118278868959108     
   4.14978583333333        6.81621958333333      -0.106884667709763     
   4.14978583333333        7.11249000000000      -9.786323485689820E-002
   4.44605625000000       2.000000000000000E-003 -0.318599874833189     
   4.44605625000000       0.298270416666667      -0.360224521147397     
   4.44605625000000       0.594540833333333      -0.404330856361024     
   4.44605625000000       0.890811250000000      -0.447640075673494     
   4.44605625000000        1.18708166666667      -0.488473283978579     
   4.44605625000000        1.48335208333333      -0.528586858281433     
   4.44605625000000        1.77962250000000      -0.564917986310298     
   4.44605625000000        2.07589291666667      -0.582016271318227     
   4.44605625000000        2.37216333333333      -0.575218844317812     
   4.44605625000000        2.66843375000000      -0.544913323687050     
   4.44605625000000        2.96470416666667      -0.502650703637215     
   4.44605625000000        3.26097458333333      -0.468634786444688     
   4.44605625000000        3.55724500000000      -0.434523251231970     
   4.44605625000000        3.85351541666667      -0.381847877657131     
   4.44605625000000        4.14978583333333      -0.337106365977753     
   4.44605625000000        4.44605625000000      -0.304541099351050     
   4.44605625000000        4.74232666666667      -0.270227291849340     
   4.44605625000000        5.03859708333333      -0.233240474881521     
   4.44605625000000        5.33486750000000      -0.198731731106526     
   4.44605625000000        5.63113791666667      -0.170722863825689     
   4.44605625000000        5.92740833333333      -0.148427762647683     
   4.44605625000000        6.22367875000000      -0.130456705734423     
   4.44605625000000        6.51994916666667      -0.116437757376973     
   4.44605625000000        6.81621958333333      -0.105591105476084     
   4.44605625000000        7.11249000000000      -9.678058416480677E-002
   4.74232666666667       2.000000000000000E-003 -0.299724342836789     
   4.74232666666667       0.298270416666667      -0.335002818916797     
   4.74232666666667       0.594540833333333      -0.371903499738128     
   4.74232666666667       0.890811250000000      -0.407409845030257     
   4.74232666666667        1.18708166666667      -0.439097264534682     
   4.74232666666667        1.48335208333333      -0.466214987460776     
   4.74232666666667        1.77962250000000      -0.488633418443269     
   4.74232666666667        2.07589291666667      -0.497436687903023     
   4.74232666666667        2.37216333333333      -0.488534980818278     
   4.74232666666667        2.66843375000000      -0.464813906015756     
   4.74232666666667        2.96470416666667      -0.434421313852609     
   4.74232666666667        3.26097458333333      -0.404991730447034     
   4.74232666666667        3.55724500000000      -0.372460339397690     
   4.74232666666667        3.85351541666667      -0.332409591215056     
   4.74232666666667        4.14978583333333      -0.294468290304404     
   4.74232666666667        4.44605625000000      -0.264077748926117     
   4.74232666666667        4.74232666666667      -0.236851566655262     
   4.74232666666667        5.03859708333333      -0.209945800016635     
   4.74232666666667        5.33486750000000      -0.184402254308916     
   4.74232666666667        5.63113791666667      -0.162036604287853     
   4.74232666666667        5.92740833333333      -0.142806450089396     
   4.74232666666667        6.22367875000000      -0.126868026511137     
   4.74232666666667        6.51994916666667      -0.114103072049726     
   4.74232666666667        6.81621958333333      -0.103909160286025     
   4.74232666666667        7.11249000000000      -9.535895026448585E-002
   5.03859708333333       2.000000000000000E-003 -0.280534280890093     
   5.03859708333333       0.298270416666667      -0.309329377435016     
   5.03859708333333       0.594540833333333      -0.338753966579290     
   5.03859708333333       0.890811250000000      -0.366366741237012     
   5.03859708333333        1.18708166666667      -0.390060812348478     
   5.03859708333333        1.48335208333333      -0.408329249866755     
   5.03859708333333        1.77962250000000      -0.420301225185029     
   5.03859708333333        2.07589291666667      -0.424225208960294     
   5.03859708333333        2.37216333333333      -0.416611283390120     
   5.03859708333333        2.66843375000000      -0.399216722851951     
   5.03859708333333        2.96470416666667      -0.376377855235928     
   5.03859708333333        3.26097458333333      -0.351167089362472     
   5.03859708333333        3.55724500000000      -0.322859626549859     
   5.03859708333333        3.85351541666667      -0.291427841538427     
   5.03859708333333        4.14978583333333      -0.261085455673543     
   5.03859708333333        4.44605625000000      -0.235022613413514     
   5.03859708333333        4.74232666666667      -0.212397594923180     
   5.03859708333333        5.03859708333333      -0.191384773741568     
   5.03859708333333        5.33486750000000      -0.171529688563059     
   5.03859708333333        5.63113791666667      -0.153135346922690     
   5.03859708333333        5.92740833333333      -0.136792949040643     
   5.03859708333333        6.22367875000000      -0.122888450713051     
   5.03859708333333        6.51994916666667      -0.111410277304977     
   5.03859708333333        6.81621958333333      -0.101901027786852     
   5.03859708333333        7.11249000000000      -9.364140923730956E-002
   5.33486750000000       2.000000000000000E-003 -0.262297055198875     
   5.33486750000000       0.298270416666667      -0.285216213760204     
   5.33486750000000       0.594540833333333      -0.307679444912308     
   5.33486750000000       0.890811250000000      -0.328226210601394     
   5.33486750000000        1.18708166666667      -0.345208972756576     
   5.33486750000000        1.48335208333333      -0.357385101581112     
   5.33486750000000        1.77962250000000      -0.364069535115212     
   5.33486750000000        2.07589291666667      -0.364559521924045     
   5.33486750000000        2.37216333333333      -0.358439037397310     
   5.33486750000000        2.66843375000000      -0.345809509967764     
   5.33486750000000        2.96470416666667      -0.328375720140772     
   5.33486750000000        3.26097458333333      -0.307545350605060     
   5.33486750000000        3.55724500000000      -0.283873251781399     
   5.33486750000000        3.85351541666667      -0.258578525980598     
   5.33486750000000        4.14978583333333      -0.234163369777470     
   5.33486750000000        4.44605625000000      -0.212526919933572     
   5.33486750000000        4.74232666666667      -0.193655958917381     
   5.33486750000000        5.03859708333333      -0.176424597435358     
   5.33486750000000        5.33486750000000      -0.159986832821033     
   5.33486750000000        5.63113791666667      -0.144628880448546     
   5.33486750000000        5.92740833333333      -0.130781053771326     
   5.33486750000000        6.22367875000000      -0.118733485636702     
   5.33486750000000        6.51994916666667      -0.108461360626140     
   5.33486750000000        6.81621958333333      -9.958305544216373E-002
   5.33486750000000        7.11249000000000      -9.159542550052985E-002
   5.63113791666667       2.000000000000000E-003 -0.245532509877301     
   5.63113791666667       0.298270416666667      -0.263221438732062     
   5.63113791666667       0.594540833333333      -0.279471683251528     
   5.63113791666667       0.890811250000000      -0.294002449428289     
   5.63113791666667        1.18708166666667      -0.305844991751221     
   5.63113791666667        1.48335208333333      -0.313934859690929     
   5.63113791666667        1.77962250000000      -0.317758424170511     
   5.63113791666667        2.07589291666667      -0.317064024258970     
   5.63113791666667        2.37216333333333      -0.311702135668017     
   5.63113791666667        2.66843375000000      -0.302013130162238     
   5.63113791666667        2.96470416666667      -0.288594246323811     
   5.63113791666667        3.26097458333333      -0.271848945348401     
   5.63113791666667        3.55724500000000      -0.252608369005767     
   5.63113791666667        3.85351541666667      -0.232234868589768     
   5.63113791666667        4.14978583333333      -0.212509167156605     
   5.63113791666667        4.44605625000000      -0.194706975604384     
   5.63113791666667        4.74232666666667      -0.178598259467010     
   5.63113791666667        5.03859708333333      -0.163668078530916     
   5.63113791666667        5.33486750000000      -0.149689009518665     
   5.63113791666667        5.63113791666667      -0.136728346945238     
   5.63113791666667        5.92740833333333      -0.124954331038304     
   5.63113791666667        6.22367875000000      -0.114551870802392     
   5.63113791666667        6.51994916666667      -0.105372442120558     
   5.63113791666667        6.81621958333333      -9.700105484322344E-002
   5.63113791666667        7.11249000000000      -8.917200930130868E-002
   5.92740833333333       2.000000000000000E-003 -0.230490991169609     
   5.92740833333333       0.298270416666667      -0.243633586161091     
   5.92740833333333       0.594540833333333      -0.254255315528472     
   5.92740833333333       0.890811250000000      -0.263774363896513     
   5.92740833333333        1.18708166666667      -0.271825623259314     
   5.92740833333333        1.48335208333333      -0.277284465978610     
   5.92740833333333        1.77962250000000      -0.279497274902738     
   5.92740833333333        2.07589291666667      -0.278393301545005     
   5.92740833333333        2.37216333333333      -0.273922355475465     
   5.92740833333333        2.66843375000000      -0.266132740608455     
   5.92740833333333        2.96470416666667      -0.255334313661802     
   5.92740833333333        3.26097458333333      -0.241968685993974     
   5.92740833333333        3.55724500000000      -0.226690515511336     
   5.92740833333333        3.85351541666667      -0.210490298337788     
   5.92740833333333        4.14978583333333      -0.194463011435190     
   5.92740833333333        4.44605625000000      -0.179342477374262     
   5.92740833333333        4.74232666666667      -0.165344862740022     
   5.92740833333333        5.03859708333333      -0.152401355299095     
   5.92740833333333        5.33486750000000      -0.140432099139589     
   5.92740833333333        5.63113791666667      -0.129373993462429     
   5.92740833333333        5.92740833333333      -0.119354077011490     
   5.92740833333333        6.22367875000000      -0.110437708919819     
   5.92740833333333        6.51994916666667      -0.102277876806997     
   5.92740833333333        6.81621958333333      -9.421157074922928E-002
   5.92740833333333        7.11249000000000      -8.625602409976772E-002
   6.22367875000000       2.000000000000000E-003 -0.216980751279027     
   6.22367875000000       0.298270416666667      -0.226028981623466     
   6.22367875000000       0.594540833333333      -0.231552551984614     
   6.22367875000000       0.890811250000000      -0.237448327273399     
   6.22367875000000        1.18708166666667      -0.242941928040991     
   6.22367875000000        1.48335208333333      -0.246573511825338     
   6.22367875000000        1.77962250000000      -0.247733425636997     
   6.22367875000000        2.07589291666667      -0.246404832386841     
   6.22367875000000        2.37216333333333      -0.242633499289313     
   6.22367875000000        2.66843375000000      -0.236352096503984     
   6.22367875000000        2.96470416666667      -0.227688548006120     
   6.22367875000000        3.26097458333333      -0.216968076368873     
   6.22367875000000        3.55724500000000      -0.204705627519689     
   6.22367875000000        3.85351541666667      -0.191585967239793     
   6.22367875000000        4.14978583333333      -0.178332128222828     
   6.22367875000000        4.44605625000000      -0.165513120028467     
   6.22367875000000        4.74232666666667      -0.153448273087447     
   6.22367875000000        5.03859708333333      -0.142262335490979     
   6.22367875000000        5.33486750000000      -0.131949787376709     
   6.22367875000000        5.63113791666667      -0.122453883009930     
   6.22367875000000        5.92740833333333      -0.113912868166747     
   6.22367875000000        6.22367875000000      -0.106358110176771     
   6.22367875000000        6.51994916666667      -9.928024699399718E-002
   6.22367875000000        6.81621958333333      -9.140062101174518E-002
   6.22367875000000        7.11249000000000      -8.279382532483830E-002
   6.51994916666667       2.000000000000000E-003 -0.203890034850801     
   6.51994916666667       0.298270416666667      -0.208872863775985     
   6.51994916666667       0.594540833333333      -0.211130096063469     
   6.51994916666667       0.890811250000000      -0.215453673126046     
   6.51994916666667        1.18708166666667      -0.219165319875128     
   6.51994916666667        1.48335208333333      -0.221140335932116     
   6.51994916666667        1.77962250000000      -0.221263050775905     
   6.51994916666667        2.07589291666667      -0.219614564277634     
   6.51994916666667        2.37216333333333      -0.216248534385052     
   6.51994916666667        2.66843375000000      -0.211084492910510     
   6.51994916666667        2.96470416666667      -0.204110471911170     
   6.51994916666667        3.26097458333333      -0.195505555299982     
   6.51994916666667        3.55724500000000      -0.185610090424764     
   6.51994916666667        3.85351541666667      -0.174889773856728     
   6.51994916666667        4.14978583333333      -0.163861339916216     
   6.51994916666667        4.44605625000000      -0.152990345889187     
   6.51994916666667        4.74232666666667      -0.142618959303346     
   6.51994916666667        5.03859708333333      -0.132958528904177     
   6.51994916666667        5.33486750000000      -0.124028925765928     
   6.51994916666667        5.63113791666667      -0.115850117239992     
   6.51994916666667        5.92740833333333      -0.108531655460074     
   6.51994916666667        6.22367875000000      -0.102117467946755     
   6.51994916666667        6.51994916666667      -9.622138678916203E-002
   6.51994916666667        6.81621958333333      -8.905043900275686E-002
   6.51994916666667        7.11249000000000      -7.954132698059672E-002
   6.81621958333333       2.000000000000000E-003 -0.188240289639216     
   6.81621958333333       0.298270416666667      -0.191012299989382     
   6.81621958333333       0.594540833333333      -0.195466245174417     
   6.81621958333333       0.890811250000000      -0.198747604608704     
   6.81621958333333        1.18708166666667      -0.200040667158411     
   6.81621958333333        1.48335208333333      -0.200008856703163     
   6.81621958333333        1.77962250000000      -0.198926397532151     
   6.81621958333333        2.07589291666667      -0.196816736265478     
   6.81621958333333        2.37216333333333      -0.193634337259648     
   6.81621958333333        2.66843375000000      -0.189270265944705     
   6.81621958333333        2.96470416666667      -0.183606569204507     
   6.81621958333333        3.26097458333333      -0.176684735567231     
   6.81621958333333        3.55724500000000      -0.168683280985870     
   6.81621958333333        3.85351541666667      -0.159895643144031     
   6.81621958333333        4.14978583333333      -0.150697498780750     
   6.81621958333333        4.44605625000000      -0.141478281558374     
   6.81621958333333        4.74232666666667      -0.132572748286308     
   6.81621958333333        5.03859708333333      -0.124221571235189     
   6.81621958333333        5.33486750000000      -0.116511274401357     
   6.81621958333333        5.63113791666667      -0.109512459909039     
   6.81621958333333        5.92740833333333      -0.103277970992083     
   6.81621958333333        6.22367875000000      -9.773835568820727E-002
   6.81621958333333        6.51994916666667      -9.251854622369682E-002
   6.81621958333333        6.81621958333333      -8.659099958904674E-002
   6.81621958333333        7.11249000000000      -7.848376033672971E-002
   7.11249000000000       2.000000000000000E-003 -0.169439294540020     
   7.11249000000000       0.298270416666667      -0.179971618872244     
   7.11249000000000       0.594540833333333      -0.184664806017117     
   7.11249000000000       0.890811250000000      -0.184628516251964     
   7.11249000000000        1.18708166666667      -0.183245894236531     
   7.11249000000000        1.48335208333333      -0.181498416177870     
   7.11249000000000        1.77962250000000      -0.179460200180078     
   7.11249000000000        2.07589291666667      -0.176997676888777     
   7.11249000000000        2.37216333333333      -0.173943893699195     
   7.11249000000000        2.66843375000000      -0.170190174377299     
   7.11249000000000        2.96470416666667      -0.165546116730944     
   7.11249000000000        3.26097458333333      -0.159950546581956     
   7.11249000000000        3.55724500000000      -0.153456711774191     
   7.11249000000000        3.85351541666667      -0.146229130820248     
   7.11249000000000        4.14978583333333      -0.138540466535753     
   7.11249000000000        4.44605625000000      -0.130718004940212     
   7.11249000000000        4.74232666666667      -0.123074861226460     
   7.11249000000000        5.03859708333333      -0.115859896245415     
   7.11249000000000        5.33486750000000      -0.109249636074083     
   7.11249000000000        5.63113791666667      -0.103367484230043     
   7.11249000000000        5.92740833333333      -9.828253801356340E-002
   7.11249000000000        6.22367875000000      -9.389799169861456E-002
   7.11249000000000        6.51994916666667      -8.956701439519629E-002
   7.11249000000000        6.81621958333333      -8.344812772459995E-002
   7.11249000000000        7.11249000000000      -7.602505622462873E-002
