  2.000000000000000E-003  2.000000000000000E-003 -0.202390298515449     
  2.000000000000000E-003  0.298270416666667      -0.202918580459870     
  2.000000000000000E-003  0.594540833333333      -0.195662143496368     
  2.000000000000000E-003  0.890811250000000      -0.185192162369457     
  2.000000000000000E-003   1.18708166666667      -0.174166541750707     
  2.000000000000000E-003   1.48335208333333      -0.163459550281406     
  2.000000000000000E-003   1.77962250000000      -0.153411151059985     
  2.000000000000000E-003   2.07589291666667      -0.144114048728247     
  2.000000000000000E-003   2.37216333333333      -0.135543250847824     
  2.000000000000000E-003   2.66843375000000      -0.127619736480362     
  2.000000000000000E-003   2.96470416666667      -0.120164957362713     
  2.000000000000000E-003   3.26097458333333      -0.113013545862182     
  2.000000000000000E-003   3.55724500000000      -0.106036591815600     
  2.000000000000000E-003   3.85351541666667      -9.918025475396891E-002
  2.000000000000000E-003   4.14978583333333      -9.249109399697435E-002
  2.000000000000000E-003   4.44605625000000      -8.608922550387495E-002
  2.000000000000000E-003   4.74232666666667      -8.011550071189638E-002
  2.000000000000000E-003   5.03859708333333      -7.468487128241914E-002
  2.000000000000000E-003   5.33486750000000      -6.986536143324337E-002
  2.000000000000000E-003   5.63113791666667      -6.566727522041860E-002
  2.000000000000000E-003   5.92740833333333      -6.205502026694886E-002
  2.000000000000000E-003   6.22367875000000      -5.890744662089319E-002
  2.000000000000000E-003   6.51994916666667      -5.590975507521914E-002
  2.000000000000000E-003   6.81621958333333      -5.227415073914196E-002
  2.000000000000000E-003   7.11249000000000      -4.780626157376621E-002
  0.298270416666667       2.000000000000000E-003 -0.226423729507206     
  0.298270416666667       0.298270416666667      -0.220563550767983     
  0.298270416666667       0.594540833333333      -0.212305840786806     
  0.298270416666667       0.890811250000000      -0.202107464047915     
  0.298270416666667        1.18708166666667      -0.190511434643889     
  0.298270416666667        1.48335208333333      -0.178707643693574     
  0.298270416666667        1.77962250000000      -0.167358391862812     
  0.298270416666667        2.07589291666667      -0.156702769512285     
  0.298270416666667        2.37216333333333      -0.146806525329634     
  0.298270416666667        2.66843375000000      -0.137674997371523     
  0.298270416666667        2.96470416666667      -0.129106612278421     
  0.298270416666667        3.26097458333333      -0.120927539479709     
  0.298270416666667        3.55724500000000      -0.113014066440672     
  0.298270416666667        3.85351541666667      -0.105319497537098     
  0.298270416666667        4.14978583333333      -9.788811212008981E-002
  0.298270416666667        4.44605625000000      -9.082919993093719E-002
  0.298270416666667        4.74232666666667      -8.427046343401270E-002
  0.298270416666667        5.03859708333333      -7.831617981990227E-002
  0.298270416666667        5.33486750000000      -7.301435241054442E-002
  0.298270416666667        5.63113791666667      -6.836374580205175E-002
  0.298270416666667        5.92740833333333      -6.431241168292641E-002
  0.298270416666667        6.22367875000000      -6.070836445082712E-002
  0.298270416666667        6.51994916666667      -5.718848702464724E-002
  0.298270416666667        6.81621958333333      -5.318257674443780E-002
  0.298270416666667        7.11249000000000      -4.949768692968157E-002
  0.594540833333333       2.000000000000000E-003 -0.246303275993805     
  0.594540833333333       0.298270416666667      -0.240465916935429     
  0.594540833333333       0.594540833333333      -0.230378125546297     
  0.594540833333333       0.890811250000000      -0.219401467800547     
  0.594540833333333        1.18708166666667      -0.207180696706063     
  0.594540833333333        1.48335208333333      -0.194391849670331     
  0.594540833333333        1.77962250000000      -0.181796373167407     
  0.594540833333333        2.07589291666667      -0.169791124059895     
  0.594540833333333        2.37216333333333      -0.158573309999538     
  0.594540833333333        2.66843375000000      -0.148175949277866     
  0.594540833333333        2.96470416666667      -0.138408158841892     
  0.594540833333333        3.26097458333333      -0.129107987842947     
  0.594540833333333        3.55724500000000      -0.120166631936069     
  0.594540833333333        3.85351541666667      -0.111552000170295     
  0.594540833333333        4.14978583333333      -0.103310102755378     
  0.594540833333333        4.44605625000000      -9.553742962016976E-002
  0.594540833333333        4.74232666666667      -8.834102902756381E-002
  0.594540833333333        5.03859708333333      -8.180159759739690E-002
  0.594540833333333        5.33486750000000      -7.595022339151818E-002
  0.594540833333333        5.63113791666667      -7.075945749192779E-002
  0.594540833333333        5.92740833333333      -6.615858521352010E-002
  0.594540833333333        6.22367875000000      -6.197480075512465E-002
  0.594540833333333        6.51994916666667      -5.789781296087868E-002
  0.594540833333333        6.81621958333333      -5.376282905086905E-002
  0.594540833333333        7.11249000000000      -5.022415169870784E-002
  0.890811250000000       2.000000000000000E-003 -0.266997035791033     
  0.890811250000000       0.298270416666667      -0.262397090451818     
  0.890811250000000       0.594540833333333      -0.251970765158923     
  0.890811250000000       0.890811250000000      -0.239333606693007     
  0.890811250000000        1.18708166666667      -0.225532631042564     
  0.890811250000000        1.48335208333333      -0.211222757474960     
  0.890811250000000        1.77962250000000      -0.197079295217153     
  0.890811250000000        2.07589291666667      -0.183568735868448     
  0.890811250000000        2.37216333333333      -0.170965461210960     
  0.890811250000000        2.66843375000000      -0.159223254331013     
  0.890811250000000        2.96470416666667      -0.148179599556136     
  0.890811250000000        3.26097458333333      -0.137679578057690     
  0.890811250000000        3.55724500000000      -0.127623856379731     
  0.890811250000000        3.85351541666667      -0.117998914114736     
  0.890811250000000        4.14978583333333      -0.108863954669848     
  0.890811250000000        4.44605625000000      -0.100308467193892     
  0.890811250000000        4.74232666666667      -9.241427991756106E-002
  0.890811250000000        5.03859708333333      -8.523424639730620E-002
  0.890811250000000        5.33486750000000      -7.877837306760391E-002
  0.890811250000000        5.63113791666667      -7.300876376346785E-002
  0.890811250000000        5.92740833333333      -6.785604092797144E-002
  0.890811250000000        6.22367875000000      -6.317996090525453E-002
  0.890811250000000        6.51994916666667      -5.879671882016572E-002
  0.890811250000000        6.81621958333333      -5.466510863611673E-002
  0.890811250000000        7.11249000000000      -5.098093530547566E-002
   1.18708166666667       2.000000000000000E-003 -0.290614724613757     
   1.18708166666667       0.298270416666667      -0.286585676621707     
   1.18708166666667       0.594540833333333      -0.276132676451190     
   1.18708166666667       0.890811250000000      -0.262030590639382     
   1.18708166666667        1.18708166666667      -0.246176671839852     
   1.18708166666667        1.48335208333333      -0.229744658188068     
   1.18708166666667        1.77962250000000      -0.213606904162725     
   1.18708166666667        2.07589291666667      -0.198354139621665     
   1.18708166666667        2.37216333333333      -0.184173938234223     
   1.18708166666667        2.66843375000000      -0.170972887196689     
   1.18708166666667        2.96470416666667      -0.158584052941078     
   1.18708166666667        3.26097458333333      -0.146817084800286     
   1.18708166666667        3.55724500000000      -0.135551552303867     
   1.18708166666667        3.85351541666667      -0.124797306566196     
   1.18708166666667        4.14978583333333      -0.114657062239940     
   1.18708166666667        4.44605625000000      -0.105232850428172     
   1.18708166666667        4.74232666666667      -9.657702816307907E-002
   1.18708166666667        5.03859708333333      -8.870414338523043E-002
   1.18708166666667        5.33486750000000      -8.160533008161694E-002
   1.18708166666667        5.63113791666667      -7.525072206178596E-002
   1.18708166666667        5.92740833333333      -6.958569620791351E-002
   1.18708166666667        6.22367875000000      -6.451221171544359E-002
   1.18708166666667        6.51994916666667      -5.990046466862034E-002
   1.18708166666667        6.81621958333333      -5.566272912205207E-002
   1.18708166666667        7.11249000000000      -5.175880630756437E-002
   1.48335208333333       2.000000000000000E-003 -0.317840942994165     
   1.48335208333333       0.298270416666667      -0.313891765973476     
   1.48335208333333       0.594540833333333      -0.302969927670317     
   1.48335208333333       0.890811250000000      -0.287359601751476     
   1.48335208333333        1.18708166666667      -0.269165064573892     
   1.48335208333333        1.48335208333333      -0.250160021181394     
   1.48335208333333        1.77962250000000      -0.231670962848814     
   1.48335208333333        2.07589291666667      -0.214372942961927     
   1.48335208333333        2.37216333333333      -0.198365937317743     
   1.48335208333333        2.66843375000000      -0.183588316652186     
   1.48335208333333        2.96470416666667      -0.169813212782885     
   1.48335208333333        3.26097458333333      -0.156722517581068     
   1.48335208333333        3.55724500000000      -0.144128368232320     
   1.48335208333333        3.85351541666667      -0.132064290050095     
   1.48335208333333        4.14978583333333      -0.120734673391162     
   1.48335208333333        4.44605625000000      -0.110333478932434     
   1.48335208333333        4.74232666666667      -0.100858462249125     
   1.48335208333333        5.03859708333333      -9.225320745677074E-002
   1.48335208333333        5.33486750000000      -8.448614003380592E-002
   1.48335208333333        5.63113791666667      -7.754071254046645E-002
   1.48335208333333        5.92740833333333      -7.138335054688387E-002
   1.48335208333333        6.22367875000000      -6.594325089731483E-002
   1.48335208333333        6.51994916666667      -6.108617659059302E-002
   1.48335208333333        6.81621958333333      -5.665588945966601E-002
   1.48335208333333        7.11249000000000      -5.252171643288053E-002
   1.77962250000000       2.000000000000000E-003 -0.348842923158561     
   1.77962250000000       0.298270416666667      -0.344698414655494     
   1.77962250000000       0.594540833333333      -0.332754023476867     
   1.77962250000000       0.890811250000000      -0.315154601826519     
   1.77962250000000        1.18708166666667      -0.294302807017178     
   1.77962250000000        1.48335208333333      -0.272482328094274     
   1.77962250000000        1.77962250000000      -0.251393319558419     
   1.77962250000000        2.07589291666667      -0.231686775351538     
   1.77962250000000        2.37216333333333      -0.213634603840923     
   1.77962250000000        2.66843375000000      -0.197113627567917     
   1.77962250000000        2.96470416666667      -0.181831505284038     
   1.77962250000000        3.26097458333333      -0.167388876183334     
   1.77962250000000        3.55724500000000      -0.153433422425961     
   1.77962250000000        3.85351541666667      -0.139956864684695     
   1.77962250000000        4.14978583333333      -0.127254243963113     
   1.77962250000000        4.44605625000000      -0.115643234354528     
   1.77962250000000        4.74232666666667      -0.105213659420596     
   1.77962250000000        5.03859708333333      -9.585146480189709E-002
   1.77962250000000        5.33486750000000      -8.739653992329333E-002
   1.77962250000000        5.63113791666667      -7.984968882165204E-002
   1.77962250000000        5.92740833333333      -7.320710120829362E-002
   1.77962250000000        6.22367875000000      -6.740483119463651E-002
   1.77962250000000        6.51994916666667      -6.228600373151212E-002
   1.77962250000000        6.81621958333333      -5.764491240841260E-002
   1.77962250000000        7.11249000000000      -5.330276759562955E-002
   2.07589291666667       2.000000000000000E-003 -0.383164511099227     
   2.07589291666667       0.298270416666667      -0.378387284999014     
   2.07589291666667       0.594540833333333      -0.365072766838869     
   2.07589291666667       0.890811250000000      -0.345058278383820     
   2.07589291666667        1.18708166666667      -0.321437731070484     
   2.07589291666667        1.48335208333333      -0.296617195600014     
   2.07589291666667        1.77962250000000      -0.272501230336783     
   2.07589291666667        2.07589291666667      -0.250196115544485     
   2.07589291666667        2.37216333333333      -0.229789819954999     
   2.07589291666667        2.66843375000000      -0.211273326266672     
   2.07589291666667        2.96470416666667      -0.194443307705348     
   2.07589291666667        3.26097458333333      -0.178752420540245     
   2.07589291666667        3.55724500000000      -0.163492937162876     
   2.07589291666667        3.85351541666667      -0.148476590270875     
   2.07589291666667        4.14978583333333      -0.134212052162979     
   2.07589291666667        4.44605625000000      -0.121240749761881     
   2.07589291666667        4.74232666666667      -0.109684687930921     
   2.07589291666667        5.03859708333333      -9.941720750597992E-002
   2.07589291666667        5.33486750000000      -9.025817962699667E-002
   2.07589291666667        5.63113791666667      -8.210863380397078E-002
   2.07589291666667        5.92740833333333      -7.498332721131094E-002
   2.07589291666667        6.22367875000000      -6.882565755038107E-002
   2.07589291666667        6.51994916666667      -6.345571960266384E-002
   2.07589291666667        6.81621958333333      -5.862654175019964E-002
   2.07589291666667        7.11249000000000      -5.411375865424452E-002
   2.37216333333333       2.000000000000000E-003 -0.419934294980372     
   2.37216333333333       0.298270416666667      -0.414690988017209     
   2.37216333333333       0.594540833333333      -0.399705576907098     
   2.37216333333333       0.890811250000000      -0.377130258407784     
   2.37216333333333        1.18708166666667      -0.349966930325689     
   2.37216333333333        1.48335208333333      -0.321454802656893     
   2.37216333333333        1.77962250000000      -0.294340023564098     
   2.37216333333333        2.07589291666667      -0.269220867337827     
   2.37216333333333        2.37216333333333      -0.246238134534711     
   2.37216333333333        2.66843375000000      -0.225598182205329     
   2.37216333333333        2.96470416666667      -0.207247544452821     
   2.37216333333333        3.26097458333333      -0.190575570236576     
   2.37216333333333        3.55724500000000      -0.174212376827408     
   2.37216333333333        3.85351541666667      -0.157493902826199     
   2.37216333333333        4.14978583333333      -0.141440366478576     
   2.37216333333333        4.44605625000000      -0.126997879861980     
   2.37216333333333        4.74232666666667      -0.114193362389951     
   2.37216333333333        5.03859708333333      -0.102863380728989     
   2.37216333333333        5.33486750000000      -9.292309447902961E-002
   2.37216333333333        5.63113791666667      -8.421737352319658E-002
   2.37216333333333        5.92740833333333      -7.663874456917902E-002
   2.37216333333333        6.22367875000000      -7.014174790082753E-002
   2.37216333333333        6.51994916666667      -6.454612567840291E-002
   2.37216333333333        6.81621958333333      -5.956415365276291E-002
   2.37216333333333        7.11249000000000      -5.493070422281849E-002
   2.66843375000000       2.000000000000000E-003 -0.458103749433342     
   2.66843375000000       0.298270416666667      -0.452042097114507     
   2.66843375000000       0.594540833333333      -0.434646984722494     
   2.66843375000000       0.890811250000000      -0.408430510736209     
   2.66843375000000        1.18708166666667      -0.377140226821564     
   2.66843375000000        1.48335208333333      -0.345094958699186     
   2.66843375000000        1.77962250000000      -0.315217750395461     
   2.66843375000000        2.07589291666667      -0.287436348459723     
   2.66843375000000        2.37216333333333      -0.262109452621795     
   2.66843375000000        2.66843375000000      -0.239411912552932     
   2.66843375000000        2.96470416666667      -0.219482192349012     
   2.66843375000000        3.26097458333333      -0.202189856500276     
   2.66843375000000        3.55724500000000      -0.185250172747899     
   2.66843375000000        3.85351541666667      -0.166642554493703     
   2.66843375000000        4.14978583333333      -0.148747140431518     
   2.66843375000000        4.44605625000000      -0.132901993745541     
   2.66843375000000        4.74232666666667      -0.118698454219682     
   2.66843375000000        5.03859708333333      -0.106091566558788     
   2.66843375000000        5.33486750000000      -9.523146977750908E-002
   2.66843375000000        5.63113791666667      -8.602350510354588E-002
   2.66843375000000        5.92740833333333      -7.809214855226417E-002
   2.66843375000000        6.22367875000000      -7.130857800563918E-002
   2.66843375000000        6.51994916666667      -6.551315340752294E-002
   2.66843375000000        6.81621958333333      -6.040523798641015E-002
   2.66843375000000        7.11249000000000      -5.568306279725217E-002
   2.96470416666667       2.000000000000000E-003 -0.491176940812976     
   2.96470416666667       0.298270416666667      -0.484223428472516     
   2.96470416666667       0.594540833333333      -0.464356684406720     
   2.96470416666667       0.890811250000000      -0.434655180156725     
   2.96470416666667        1.18708166666667      -0.399725835095816     
   2.96470416666667        1.48335208333333      -0.365137410559305     
   2.96470416666667        1.77962250000000      -0.332818512489649     
   2.96470416666667        2.07589291666667      -0.303059399393039     
   2.96470416666667        2.37216333333333      -0.276225845604553     
   2.96470416666667        2.66843375000000      -0.252066120597555     
   2.96470416666667        2.96470416666667      -0.230466661528681     
   2.96470416666667        3.26097458333333      -0.212400073473855     
   2.96470416666667        3.55724500000000      -0.195731040770517     
   2.96470416666667        3.85351541666667      -0.175296432329678     
   2.96470416666667        4.14978583333333      -0.156340509103945     
   2.96470416666667        4.44605625000000      -0.139217454765709     
   2.96470416666667        4.74232666666667      -0.123180658800450     
   2.96470416666667        5.03859708333333      -0.108979722827347     
   2.96470416666667        5.33486750000000      -9.707533162594986E-002
   2.96470416666667        5.63113791666667      -8.735952825495884E-002
   2.96470416666667        5.92740833333333      -7.923006231049398E-002
   2.96470416666667        6.22367875000000      -7.224883436411082E-002
   2.96470416666667        6.51994916666667      -6.630301440821151E-002
   2.96470416666667        6.81621958333333      -6.109827661149833E-002
   2.96470416666667        7.11249000000000      -5.631060384054949E-002
   3.26097458333333       2.000000000000000E-003 -0.513670421713803     
   3.26097458333333       0.298270416666667      -0.505988576457462     
   3.26097458333333       0.594540833333333      -0.484245058730914     
   3.26097458333333       0.890811250000000      -0.452067320714088     
   3.26097458333333        1.18708166666667      -0.414724842937778     
   3.26097458333333        1.48335208333333      -0.378451881537226     
   3.26097458333333        1.77962250000000      -0.344761420176912     
   3.26097458333333        2.07589291666667      -0.313971974186042     
   3.26097458333333        2.37216333333333      -0.286687092488990     
   3.26097458333333        2.66843375000000      -0.262502876351178     
   3.26097458333333        2.96470416666667      -0.240569197653442     
   3.26097458333333        3.26097458333333      -0.220659295075134     
   3.26097458333333        3.55724500000000      -0.202965561225417     
   3.26097458333333        3.85351541666667      -0.183401691946294     
   3.26097458333333        4.14978583333333      -0.165236962586345     
   3.26097458333333        4.44605625000000      -0.145716483872166     
   3.26097458333333        4.74232666666667      -0.127082770651831     
   3.26097458333333        5.03859708333333      -0.111163696557644     
   3.26097458333333        5.33486750000000      -9.831011415135364E-002
   3.26097458333333        5.63113791666667      -8.817892422889023E-002
   3.26097458333333        5.92740833333333      -7.995091250986283E-002
   3.26097458333333        6.22367875000000      -7.286632024562008E-002
   3.26097458333333        6.51994916666667      -6.683025619295334E-002
   3.26097458333333        6.81621958333333      -6.156438510463934E-002
   3.26097458333333        7.11249000000000      -5.673501131888077E-002
   3.55724500000000       2.000000000000000E-003 -0.521714311516394     
   3.55724500000000       0.298270416666667      -0.513720835841295     
   3.55724500000000       0.594540833333333      -0.491241071398594     
   3.55724500000000       0.890811250000000      -0.458157602878533     
   3.55724500000000        1.18708166666667      -0.419981842250106     
   3.55724500000000        1.48335208333333      -0.383233384191280     
   3.55724500000000        1.77962250000000      -0.348899939367482     
   3.55724500000000        2.07589291666667      -0.317909114571188     
   3.55724500000000        2.37216333333333      -0.290685712819946     
   3.55724500000000        2.66843375000000      -0.267067152166723     
   3.55724500000000        2.96470416666667      -0.246373601910474     
   3.55724500000000        3.26097458333333      -0.226463999693786     
   3.55724500000000        3.55724500000000      -0.202426420029905     
   3.55724500000000        3.85351541666667      -0.189242425397936     
   3.55724500000000        4.14978583333333      -0.171089792190270     
   3.55724500000000        4.44605625000000      -0.149026452724759     
   3.55724500000000        4.74232666666667      -0.128771259668673     
   3.55724500000000        5.03859708333333      -0.112020691033248     
   3.55724500000000        5.33486750000000      -9.876775139330020E-002
   3.55724500000000        5.63113791666667      -8.845646471848766E-002
   3.55724500000000        5.92740833333333      -8.019994703418203E-002
   3.55724500000000        6.22367875000000      -7.308572651571145E-002
   3.55724500000000        6.51994916666667      -6.702014003486755E-002
   3.55724500000000        6.81621958333333      -6.173329081827954E-002
   3.55724500000000        7.11249000000000      -5.688921650554433E-002
   3.85351541666667       2.000000000000000E-003 -0.513671309832609     
   3.85351541666667       0.298270416666667      -0.505985342196843     
   3.85351541666667       0.594540833333333      -0.484238303237479     
   3.85351541666667       0.890811250000000      -0.452057783805012     
   3.85351541666667        1.18708166666667      -0.414713268365111     
   3.85351541666667        1.48335208333333      -0.378438099426172     
   3.85351541666667        1.77962250000000      -0.344744615452551     
   3.85351541666667        2.07589291666667      -0.313950086030708     
   3.85351541666667        2.37216333333333      -0.286655552891192     
   3.85351541666667        2.66843375000000      -0.262453463123157     
   3.85351541666667        2.96470416666667      -0.240494037171329     
   3.85351541666667        3.26097458333333      -0.220579940274037     
   3.85351541666667        3.55724500000000      -0.202950167723208     
   3.85351541666667        3.85351541666667      -0.183467092462258     
   3.85351541666667        4.14978583333333      -0.165317378161410     
   3.85351541666667        4.44605625000000      -0.145769492192425     
   3.85351541666667        4.74232666666667      -0.127113563909095     
   3.85351541666667        5.03859708333333      -0.111182788026084     
   3.85351541666667        5.33486750000000      -9.832408361904200E-002
   3.85351541666667        5.63113791666667      -8.819130733614515E-002
   3.85351541666667        5.92740833333333      -7.996333252191996E-002
   3.85351541666667        6.22367875000000      -7.287907045829382E-002
   3.85351541666667        6.51994916666667      -6.684327526461871E-002
   3.85351541666667        6.81621958333333      -6.157735905245693E-002
   3.85351541666667        7.11249000000000      -5.674746957879215E-002
   4.14978583333333       2.000000000000000E-003 -0.491178463036628     
   4.14978583333333       0.298270416666667      -0.484217396387126     
   4.14978583333333       0.594540833333333      -0.464344043769491     
   4.14978583333333       0.890811250000000      -0.434637501744547     
   4.14978583333333        1.18708166666667      -0.399704544175092     
   4.14978583333333        1.48335208333333      -0.365112616502211     
   4.14978583333333        1.77962250000000      -0.332789293102257     
   4.14978583333333        2.07589291666667      -0.303023506566588     
   4.14978583333333        2.37216333333333      -0.276178815457204     
   4.14978583333333        2.66843375000000      -0.252002172534685     
   4.14978583333333        2.96470416666667      -0.230385608155134     
   4.14978583333333        3.26097458333333      -0.212324415481970     
   4.14978583333333        3.55724500000000      -0.195705084766587     
   4.14978583333333        3.85351541666667      -0.175343194046995     
   4.14978583333333        4.14978583333333      -0.156419540856559     
   4.14978583333333        4.44605625000000      -0.139284296994960     
   4.14978583333333        4.74232666666667      -0.123227275016556     
   4.14978583333333        5.03859708333333      -0.109012653105271     
   4.14978583333333        5.33486750000000      -9.710149278243610E-002
   4.14978583333333        5.63113791666667      -8.738357003759584E-002
   4.14978583333333        5.92740833333333      -7.925425183679255E-002
   4.14978583333333        6.22367875000000      -7.227361356351250E-002
   4.14978583333333        6.51994916666667      -6.632827154377170E-002
   4.14978583333333        6.81621958333333      -6.112339375973749E-002
   4.14978583333333        7.11249000000000      -5.633466589545581E-002
   4.44605625000000       2.000000000000000E-003 -0.458105729172415     
   4.44605625000000       0.298270416666667      -0.452033860984251     
   4.44605625000000       0.594540833333333      -0.434629894718040     
   4.44605625000000       0.890811250000000      -0.408406790682442     
   4.44605625000000        1.18708166666667      -0.377112070661306     
   4.44605625000000        1.48335208333333      -0.345063385304793     
   4.44605625000000        1.77962250000000      -0.315182169496857     
   4.44605625000000        2.07589291666667      -0.287395861422733     
   4.44605625000000        2.37216333333333      -0.262062588993137     
   4.44605625000000        2.66843375000000      -0.239358162949646     
   4.44605625000000        2.96470416666667      -0.219426158254708     
   4.44605625000000        3.26097458333333      -0.202145998158793     
   4.44605625000000        3.55724500000000      -0.185239158472189     
   4.44605625000000        3.85351541666667      -0.166674642735031     
   4.44605625000000        4.14978583333333      -0.148805871586804     
   4.44605625000000        4.44605625000000      -0.132962305987666     
   4.44605625000000        4.74232666666667      -0.118749217688608     
   4.44605625000000        5.03859708333333      -0.106133056778066     
   4.44605625000000        5.33486750000000      -9.526760398995743E-002
   4.44605625000000        5.63113791666667      -8.605805945732363E-002
   4.44605625000000        5.92740833333333      -7.812692556497419E-002
   4.44605625000000        6.22367875000000      -7.134414657941522E-002
   4.44605625000000        6.51994916666667      -6.554933636014737E-002
   4.44605625000000        6.81621958333333      -6.044112143419845E-002
   4.44605625000000        7.11249000000000      -5.571728753270000E-002
   4.74232666666667       2.000000000000000E-003 -0.419936380320351     
   4.74232666666667       0.298270416666667      -0.414680927784716     
   4.74232666666667       0.594540833333333      -0.399685183276443     
   4.74232666666667       0.890811250000000      -0.377102514962900     
   4.74232666666667        1.18708166666667      -0.349934728715010     
   4.74232666666667        1.48335208333333      -0.321420111614524     
   4.74232666666667        1.77962250000000      -0.294303179810405     
   4.74232666666667        2.07589291666667      -0.269182178607588     
   4.74232666666667        2.37216333333333      -0.246198516824633     
   4.74232666666667        2.66843375000000      -0.225559962756948     
   4.74232666666667        2.96470416666667      -0.207215834370396     
   4.74232666666667        3.26097458333333      -0.190558460450752     
   4.74232666666667        3.55724500000000      -0.174218146067022     
   4.74232666666667        3.85351541666667      -0.157525120968875     
   4.74232666666667        4.14978583333333      -0.141489424393133     
   4.74232666666667        4.44605625000000      -0.127052485387292     
   4.74232666666667        4.74232666666667      -0.114245417711875     
   4.74232666666667        5.03859708333333      -0.102910846987034     
   4.74232666666667        5.33486750000000      -9.296743779814919E-002
   4.74232666666667        5.63113791666667      -8.426083363394854E-002
   4.74232666666667        5.92740833333333      -7.668259239684010E-002
   4.74232666666667        6.22367875000000      -7.018659782826484E-002
   4.74232666666667        6.51994916666667      -6.459173014296218E-002
   4.74232666666667        6.81621958333333      -5.960928739693890E-002
   4.74232666666667        7.11249000000000      -5.497346779436271E-002
   5.03859708333333       2.000000000000000E-003 -0.383166390192184     
   5.03859708333333       0.298270416666667      -0.378374918435710     
   5.03859708333333       0.594540833333333      -0.365048912615749     
   5.03859708333333       0.890811250000000      -0.345027251417672     
   5.03859708333333        1.18708166666667      -0.321403242129468     
   5.03859708333333        1.48335208333333      -0.296581782344608     
   5.03859708333333        1.77962250000000      -0.272466167299159     
   5.03859708333333        2.07589291666667      -0.250162075413577     
   5.03859708333333        2.37216333333333      -0.229758598509618     
   5.03859708333333        2.66843375000000      -0.211247941173454     
   5.03859708333333        2.96470416666667      -0.194427939251350     
   5.03859708333333        3.26097458333333      -0.178751584571786     
   5.03859708333333        3.55724500000000      -0.163509787145921     
   5.03859708333333        3.85351541666667      -0.148510859856073     
   5.03859708333333        4.14978583333333      -0.134259147050887     
   5.03859708333333        4.44605625000000      -0.121293970073128     
   5.03859708333333        4.74232666666667      -0.109738665482748     
   5.03859708333333        5.03859708333333      -9.946962246200659E-002
   5.03859708333333        5.33486750000000      -9.030918541383125E-002
   5.03859708333333        5.63113791666667      -8.215922571997704E-002
   5.03859708333333        5.92740833333333      -7.503447200754661E-002
   5.03859708333333        6.22367875000000      -6.887803442060843E-002
   5.03859708333333        6.51994916666667      -6.350919659180226E-002
   5.03859708333333        6.81621958333333      -5.867957738877611E-002
   5.03859708333333        7.11249000000000      -5.416351358684474E-002
   5.33486750000000       2.000000000000000E-003 -0.348844418516552     
   5.33486750000000       0.298270416666667      -0.344682841475219     
   5.33486750000000       0.594540833333333      -0.332725659762587     
   5.33486750000000       0.890811250000000      -0.315119525741698     
   5.33486750000000        1.18708166666667      -0.294266247489399     
   5.33486750000000        1.48335208333333      -0.272447365190342     
   5.33486750000000        1.77962250000000      -0.251361077557748     
   5.33486750000000        2.07589291666667      -0.231658108701006     
   5.33486750000000        2.37216333333333      -0.213610924136438     
   5.33486750000000        2.66843375000000      -0.197097541167235     
   5.33486750000000        2.96470416666667      -0.181826148840752     
   5.33486750000000        3.26097458333333      -0.167397046602147     
   5.33486750000000        3.55724500000000      -0.153456452859229     
   5.33486750000000        3.85351541666667      -0.139993832213589     
   5.33486750000000        4.14978583333333      -0.127301851418861     
   5.33486750000000        4.44605625000000      -0.115697102222369     
   5.33486750000000        4.74232666666667      -0.105269936463860     
   5.33486750000000        5.03859708333333      -9.590795464397020E-002
   5.33486750000000        5.33486750000000      -8.745265885208071E-002
   5.33486750000000        5.63113791666667      -7.990552955767821E-002
   5.33486750000000        5.92740833333333      -7.326322244881626E-002
   5.33486750000000        6.22367875000000      -6.746253057825222E-002
   5.33486750000000        6.51994916666667      -6.234580652392235E-002
   5.33486750000000        6.81621958333333      -5.770484685140083E-002
   5.33486750000000        7.11249000000000      -5.335829443386910E-002
   5.63113791666667       2.000000000000000E-003 -0.317841635379323     
   5.63113791666667       0.298270416666667      -0.313870474626140     
   5.63113791666667       0.594540833333333      -0.302934524080416     
   5.63113791666667       0.890811250000000      -0.287319473797531     
   5.63113791666667        1.18708166666667      -0.269126604033960     
   5.63113791666667        1.48335208333333      -0.250126078619937     
   5.63113791666667        1.77962250000000      -0.231642317052960     
   5.63113791666667        2.07589291666667      -0.214349656276066     
   5.63113791666667        2.37216333333333      -0.198348875196564     
   5.63113791666667        2.66843375000000      -0.183579261844515     
   5.63113791666667        2.96470416666667      -0.169814412916188     
   5.63113791666667        3.26097458333333      -0.156735936981503     
   5.63113791666667        3.55724500000000      -0.144154797233818     
   5.63113791666667        3.85351541666667      -0.132102846883854     
   5.63113791666667        4.14978583333333      -0.120782984181570     
   5.63113791666667        4.44605625000000      -0.110388274564782     
   5.63113791666667        4.74232666666667      -0.100916879519768     
   5.63113791666667        5.03859708333333      -9.231310202909139E-002
   5.63113791666667        5.33486750000000      -8.454606812917630E-002
   5.63113791666667        5.63113791666667      -7.759975187171540E-002
   5.63113791666667        5.92740833333333      -7.144209475450233E-002
   5.63113791666667        6.22367875000000      -6.600376848110560E-002
   5.63113791666667        6.51994916666667      -6.115059147060022E-002
   5.63113791666667        6.81621958333333      -5.672244453204631E-002
   5.63113791666667        7.11249000000000      -5.258270137341552E-002
   5.92740833333333       2.000000000000000E-003 -0.290614390987791     
   5.92740833333333       0.298270416666667      -0.286553942750845     
   5.92740833333333       0.594540833333333      -0.276085682371836     
   5.92740833333333       0.890811250000000      -0.261983863222025     
   5.92740833333333        1.18708166666667      -0.246137153655699     
   5.92740833333333        1.48335208333333      -0.229713478004435     
   5.92740833333333        1.77962250000000      -0.213583229243686     
   5.92740833333333        2.07589291666667      -0.198337071351405     
   5.92740833333333        2.37216333333333      -0.184163442514764     
   5.92740833333333        2.66843375000000      -0.170970098788578     
   5.92740833333333        2.96470416666667      -0.158590608871789     
   5.92740833333333        3.26097458333333      -0.146834445456287     
   5.92740833333333        3.55724500000000      -0.135580402399535     
   5.92740833333333        3.85351541666667      -0.124837137415433     
   5.92740833333333        4.14978583333333      -0.114706225805127     
   5.92740833333333        4.44605625000000      -0.105288989880812     
   5.92740833333333        4.74232666666667      -9.663763738329545E-002
   5.92740833333333        5.03859708333333      -8.876693771177975E-002
   5.92740833333333        5.33486750000000      -8.166812946332128E-002
   5.92740833333333        5.63113791666667      -7.531180297556754E-002
   5.92740833333333        5.92740833333333      -6.964475337471594E-002
   5.92740833333333        6.22367875000000      -6.457175185542742E-002
   5.92740833333333        6.51994916666667      -5.996598212096324E-002
   5.92740833333333        6.81621958333333      -5.573567691423215E-002
   5.92740833333333        7.11249000000000      -5.182593723438594E-002
   6.22367875000000       2.000000000000000E-003 -0.266995609725612     
   6.22367875000000       0.298270416666667      -0.262346802577566     
   6.22367875000000       0.594540833333333      -0.251906533154626     
   6.22367875000000       0.890811250000000      -0.239279774410316     
   6.22367875000000        1.18708166666667      -0.225494366279163     
   6.22367875000000        1.48335208333333      -0.211197326071345     
   6.22367875000000        1.77962250000000      -0.197063156915733     
   6.22367875000000        2.07589291666667      -0.183559641585835     
   6.22367875000000        2.37216333333333      -0.170962645133174     
   6.22367875000000        2.66843375000000      -0.159227325582101     
   6.22367875000000        2.96470416666667      -0.148191789862038     
   6.22367875000000        3.26097458333333      -0.137701135056156     
   6.22367875000000        3.55724500000000      -0.127655507922290     
   6.22367875000000        3.85351541666667      -0.118040509949411     
   6.22367875000000        4.14978583333333      -0.108914401269062     
   6.22367875000000        4.44605625000000      -0.100365972221467     
   6.22367875000000        4.74232666666667      -9.247675966076042E-002
   6.22367875000000        5.03859708333333      -8.529958233263679E-002
   6.22367875000000        5.33486750000000      -7.884408768896448E-002
   6.22367875000000        5.63113791666667      -7.307193018555007E-002
   6.22367875000000        5.92740833333333      -6.791407993240949E-002
   6.22367875000000        6.22367875000000      -6.323358374358011E-002
   6.22367875000000        6.51994916666667      -5.885565715517289E-002
   6.22367875000000        6.81621958333333      -5.474201281967191E-002
   6.22367875000000        7.11249000000000      -5.105574173116457E-002
   6.51994916666667       2.000000000000000E-003 -0.246300991638543     
   6.51994916666667       0.298270416666667      -0.240389511100356     
   6.51994916666667       0.594540833333333      -0.230296655088427     
   6.51994916666667       0.890811250000000      -0.219345237463497     
   6.51994916666667        1.18708166666667      -0.207148835856955     
   6.51994916666667        1.48335208333333      -0.194376369227331     
   6.51994916666667        1.77962250000000      -0.181790938018447     
   6.51994916666667        2.07589291666667      -0.169792257592269     
   6.51994916666667        2.37216333333333      -0.158579817271455     
   6.51994916666667        2.66843375000000      -0.148188115416235     
   6.51994916666667        2.96470416666667      -0.138426934152961     
   6.51994916666667        3.26097458333333      -0.129134471034002     
   6.51994916666667        3.55724500000000      -0.120201604436737     
   6.51994916666667        3.85351541666667      -0.111595614105688     
   6.51994916666667        4.14978583333333      -0.103361757891149     
   6.51994916666667        4.44605625000000      -9.559590967508970E-002
   6.51994916666667        4.74232666666667      -8.840484080324632E-002
   6.51994916666667        5.03859708333333      -8.186922099161477E-002
   6.51994916666667        5.33486750000000      -7.601935320531505E-002
   6.51994916666667        5.63113791666667      -7.082645399443074E-002
   6.51994916666667        5.92740833333333      -6.621816087459935E-002
   6.51994916666667        6.22367875000000      -6.202212214662437E-002
   6.51994916666667        6.51994916666667      -5.794043126153276E-002
   6.51994916666667        6.81621958333333      -5.383491998806982E-002
   6.51994916666667        7.11249000000000      -5.031033470748161E-002
   6.81621958333333       2.000000000000000E-003 -0.226421703132919     
   6.81621958333333       0.298270416666667      -0.220482747758702     
   6.81621958333333       0.594540833333333      -0.212229624795983     
   6.81621958333333       0.890811250000000      -0.202063351919487     
   6.81621958333333        1.18708166666667      -0.190494150095897     
   6.81621958333333        1.48335208333333      -0.178706682635816     
   6.81621958333333        1.77962250000000      -0.167366486471789     
   6.81621958333333        2.07589291666667      -0.156716116415240     
   6.81621958333333        2.37216333333333      -0.146823826436880     
   6.81621958333333        2.66843375000000      -0.137696503448935     
   6.81621958333333        2.96470416666667      -0.129133064754013     
   6.81621958333333        3.26097458333333      -0.120959832044439     
   6.81621958333333        3.55724500000000      -0.113052976991227     
   6.81621958333333        3.85351541666667      -0.105365417946736     
   6.81621958333333        4.14978583333333      -9.794089973377168E-002
   6.81621958333333        4.44605625000000      -9.088822628290917E-002
   6.81621958333333        4.74232666666667      -8.433491619046124E-002
   6.81621958333333        5.03859708333333      -7.838537797753858E-002
   6.81621958333333        5.33486750000000      -7.308671752323118E-002
   6.81621958333333        5.63113791666667      -6.843623995181891E-002
   6.81621958333333        5.92740833333333      -6.437973642047495E-002
   6.81621958333333        6.22367875000000      -6.076262488048886E-002
   6.81621958333333        6.51994916666667      -5.722729184656115E-002
   6.81621958333333        6.81621958333333      -5.324221705053468E-002
   6.81621958333333        7.11249000000000      -4.959803701236894E-002
   7.11249000000000       2.000000000000000E-003 -0.202389679107752     
   7.11249000000000       0.298270416666667      -0.202901863780029     
   7.11249000000000       0.594540833333333      -0.195635545332105     
   7.11249000000000       0.890811250000000      -0.185180942208046     
   7.11249000000000        1.18708166666667      -0.174172224607914     
   7.11249000000000        1.48335208333333      -0.163476342561259     
   7.11249000000000        1.77962250000000      -0.153434144291627     
   7.11249000000000        2.07589291666667      -0.144140429320259     
   7.11249000000000        2.37216333333333      -0.135572033710923     
   7.11249000000000        2.66843375000000      -0.127651318262862     
   7.11249000000000        2.96470416666667      -0.120199864535538     
   7.11249000000000        3.26097458333333      -0.113052420883854     
   7.11249000000000        3.55724500000000      -0.106080106913904     
   7.11249000000000        3.85351541666667      -9.922892927536360E-002
   7.11249000000000        4.14978583333333      -9.254513008930965E-002
   7.11249000000000        4.44605625000000      -8.614850434566129E-002
   7.11249000000000        4.74232666666667      -8.017978357316195E-002
   7.11249000000000        5.03859708333333      -7.475412588266438E-002
   7.11249000000000        5.33486750000000      -6.993862787429833E-002
   7.11249000000000        5.63113791666667      -6.574253535116995E-002
   7.11249000000000        5.92740833333333      -6.212859282526537E-002
   7.11249000000000        6.22367875000000      -5.897431376414792E-002
   7.11249000000000        6.51994916666667      -5.597016720994458E-002
   7.11249000000000        6.81621958333333      -5.234965821048878E-002
   7.11249000000000        7.11249000000000      -4.790108976590712E-002
