  2.000000000000000E-003  2.000000000000000E-003 -0.332850237674432     
  2.000000000000000E-003  0.298270416666667      -0.358586697987502     
  2.000000000000000E-003  0.594540833333333      -0.368531563349599     
  2.000000000000000E-003  0.890811250000000      -0.375465417046698     
  2.000000000000000E-003   1.18708166666667      -0.377570249434115     
  2.000000000000000E-003   1.48335208333333      -0.373609748048739     
  2.000000000000000E-003   1.77962250000000      -0.363970537719813     
  2.000000000000000E-003   2.07589291666667      -0.349844002232584     
  2.000000000000000E-003   2.37216333333333      -0.332973320119875     
  2.000000000000000E-003   2.66843375000000      -0.315089339930928     
  2.000000000000000E-003   2.96470416666667      -0.295135055255396     
  2.000000000000000E-003   3.26097458333333      -0.273494351401952     
  2.000000000000000E-003   3.55724500000000      -0.251394212635530     
  2.000000000000000E-003   3.85351541666667      -0.230030740555276     
  2.000000000000000E-003   4.14978583333333      -0.210163264586217     
  2.000000000000000E-003   4.44605625000000      -0.192067975464434     
  2.000000000000000E-003   4.74232666666667      -0.175782236814747     
  2.000000000000000E-003   5.03859708333333      -0.161393572537379     
  2.000000000000000E-003   5.33486750000000      -0.148992310386891     
  2.000000000000000E-003   5.63113791666667      -0.138530042010882     
  2.000000000000000E-003   5.92740833333333      -0.129843388738973     
  2.000000000000000E-003   6.22367875000000      -0.122513154132646     
  2.000000000000000E-003   6.51994916666667      -0.115589013426605     
  2.000000000000000E-003   6.81621958333333      -0.107017559171477     
  2.000000000000000E-003   7.11249000000000      -9.645205959529453E-002
  0.298270416666667       2.000000000000000E-003 -0.358586602350201     
  0.298270416666667       0.298270416666667      -0.379986838969835     
  0.298270416666667       0.594540833333333      -0.399309744159947     
  0.298270416666667       0.890811250000000      -0.417792721076472     
  0.298270416666667        1.18708166666667      -0.425551600066173     
  0.298270416666667        1.48335208333333      -0.422813073761654     
  0.298270416666667        1.77962250000000      -0.411796785235830     
  0.298270416666667        2.07589291666667      -0.394295617071738     
  0.298270416666667        2.37216333333333      -0.373537737916993     
  0.298270416666667        2.66843375000000      -0.351599450660953     
  0.298270416666667        2.96470416666667      -0.326960388652518     
  0.298270416666667        3.26097458333333      -0.300337900476380     
  0.298270416666667        3.55724500000000      -0.273502052286027     
  0.298270416666667        3.85351541666667      -0.248032202858725     
  0.298270416666667        4.14978583333333      -0.224789094586816     
  0.298270416666667        4.44605625000000      -0.203961874875383     
  0.298270416666667        4.74232666666667      -0.185441705849178     
  0.298270416666667        5.03859708333333      -0.169183413373943     
  0.298270416666667        5.33486750000000      -0.155206790059400     
  0.298270416666667        5.63113791666667      -0.143388768195901     
  0.298270416666667        5.92740833333333      -0.133481340002243     
  0.298270416666667        6.22367875000000      -0.124929035488697     
  0.298270416666667        6.51994916666667      -0.116743441579330     
  0.298270416666667        6.81621958333333      -0.108105857705197     
  0.298270416666667        7.11249000000000      -9.984391333781122E-002
  0.594540833333333       2.000000000000000E-003 -0.368531330368648     
  0.594540833333333       0.298270416666667      -0.399309667314749     
  0.594540833333333       0.594540833333333      -0.431088719507710     
  0.594540833333333       0.890811250000000      -0.457993728947428     
  0.594540833333333        1.18708166666667      -0.471253245822721     
  0.594540833333333        1.48335208333333      -0.470744562763453     
  0.594540833333333        1.77962250000000      -0.459263068739098     
  0.594540833333333        2.07589291666667      -0.439140128562824     
  0.594540833333333        2.37216333333333      -0.414878492209534     
  0.594540833333333        2.66843375000000      -0.388754065344516     
  0.594540833333333        2.96470416666667      -0.358976031268916     
  0.594540833333333        3.26097458333333      -0.326966847726353     
  0.594540833333333        3.55724500000000      -0.295149964268673     
  0.594540833333333        3.85351541666667      -0.265460950459088     
  0.594540833333333        4.14978583333333      -0.238785432242817     
  0.594540833333333        4.44605625000000      -0.215163938835139     
  0.594540833333333        4.74232666666667      -0.194319021702619     
  0.594540833333333        5.03859708333333      -0.176066146592287     
  0.594540833333333        5.33486750000000      -0.160355250492378     
  0.594540833333333        5.63113791666667      -0.147000325608474     
  0.594540833333333        5.92740833333333      -0.135655671772624     
  0.594540833333333        6.22367875000000      -0.125743258630423     
  0.594540833333333        6.51994916666667      -0.116658747169687     
  0.594540833333333        6.81621958333333      -0.108388765894725     
  0.594540833333333        7.11249000000000      -0.100374783745503     
  0.890811250000000       2.000000000000000E-003 -0.375465068265973     
  0.890811250000000       0.298270416666667      -0.417792477039590     
  0.890811250000000       0.594540833333333      -0.457993574707930     
  0.890811250000000       0.890811250000000      -0.490243442616152     
  0.890811250000000        1.18708166666667      -0.508464154789843     
  0.890811250000000        1.48335208333333      -0.511581926470673     
  0.890811250000000        1.77962250000000      -0.500722661426791     
  0.890811250000000        2.07589291666667      -0.478792265684920     
  0.890811250000000        2.37216333333333      -0.453308189507128     
  0.890811250000000        2.66843375000000      -0.423473621013684     
  0.890811250000000        2.96470416666667      -0.388766849178727     
  0.890811250000000        3.26097458333333      -0.351618950424621     
  0.890811250000000        3.55724500000000      -0.315116576842101     
  0.890811250000000        3.85351541666667      -0.281482439594891     
  0.890811250000000        4.14978583333333      -0.251574538675203     
  0.890811250000000        4.44605625000000      -0.225266810130738     
  0.890811250000000        4.74232666666667      -0.202136017628611     
  0.890811250000000        5.03859708333333      -0.181909364052854     
  0.890811250000000        5.33486750000000      -0.164491864168916     
  0.890811250000000        5.63113791666667      -0.149688418773581     
  0.890811250000000        5.92740833333333      -0.137105611712865     
  0.890811250000000        6.22367875000000      -0.126233501874732     
  0.890811250000000        6.51994916666667      -0.116634596348368     
  0.890811250000000        6.81621958333333      -0.107991943555293     
  0.890811250000000        7.11249000000000      -9.952801344326526E-002
   1.18708166666667       2.000000000000000E-003 -0.377569726248848     
   1.18708166666667       0.298270416666667      -0.425551110683134     
   1.18708166666667       0.594540833333333      -0.471252825505805     
   1.18708166666667       0.890811250000000      -0.508463888515489     
   1.18708166666667        1.18708166666667      -0.531892932328413     
   1.18708166666667        1.48335208333333      -0.539176006023506     
   1.18708166666667        1.77962250000000      -0.530337156469471     
   1.18708166666667        2.07589291666667      -0.510359155066506     
   1.18708166666667        2.37216333333333      -0.485525357954961     
   1.18708166666667        2.66843375000000      -0.453348925371220     
   1.18708166666667        2.96470416666667      -0.414933378120257     
   1.18708166666667        3.26097458333333      -0.373595194915279     
   1.18708166666667        3.55724500000000      -0.333029537824274     
   1.18708166666667        3.85351541666667      -0.295831865179372     
   1.18708166666667        4.14978583333333      -0.262920468518715     
   1.18708166666667        4.44605625000000      -0.234050147388239     
   1.18708166666667        4.74232666666667      -0.208711039382417     
   1.18708166666667        5.03859708333333      -0.186619712485417     
   1.18708166666667        5.33486750000000      -0.167665240061847     
   1.18708166666667        5.63113791666667      -0.151647753874969     
   1.18708166666667        5.92740833333333      -0.138119593933809     
   1.18708166666667        6.22367875000000      -0.126527999950896     
   1.18708166666667        6.51994916666667      -0.116370263813536     
   1.18708166666667        6.81621958333333      -0.107176001453565     
   1.18708166666667        7.11249000000000      -9.840279325136853E-002
   1.48335208333333       2.000000000000000E-003 -0.373608963988830     
   1.48335208333333       0.298270416666667      -0.422812255140838     
   1.48335208333333       0.594540833333333      -0.470743786734533     
   1.48335208333333       0.890811250000000      -0.511581303681953     
   1.48335208333333        1.18708166666667      -0.539175656362308     
   1.48335208333333        1.48335208333333      -0.550025554916698     
   1.48335208333333        1.77962250000000      -0.545247796084205     
   1.48335208333333        2.07589291666667      -0.532381400778971     
   1.48335208333333        2.37216333333333      -0.510457408663412     
   1.48335208333333        2.66843375000000      -0.478947967813836     
   1.48335208333333        2.96470416666667      -0.439317929883316     
   1.48335208333333        3.26097458333333      -0.394427375600472     
   1.48335208333333        3.55724500000000      -0.349952009473055     
   1.48335208333333        3.85351541666667      -0.309082136121606     
   1.48335208333333        4.14978583333333      -0.273092716405970     
   1.48335208333333        4.44605625000000      -0.241541383898485     
   1.48335208333333        4.74232666666667      -0.213963675370334     
   1.48335208333333        5.03859708333333      -0.190119392389850     
   1.48335208333333        5.33486750000000      -0.169880336090672     
   1.48335208333333        5.63113791666667      -0.152936225049723     
   1.48335208333333        5.92740833333333      -0.138726067072327     
   1.48335208333333        6.22367875000000      -0.126579540778920     
   1.48335208333333        6.51994916666667      -0.115909589079309     
   1.48335208333333        6.81621958333333      -0.106262488847624     
   1.48335208333333        7.11249000000000      -9.729276292116984E-002
   1.77962250000000       2.000000000000000E-003 -0.363969451405871     
   1.77962250000000       0.298270416666667      -0.411795605979617     
   1.77962250000000       0.594540833333333      -0.459261916284966     
   1.77962250000000       0.890811250000000      -0.500721675027118     
   1.77962250000000        1.18708166666667      -0.530336463013550     
   1.77962250000000        1.48335208333333      -0.545247460160079     
   1.77962250000000        1.77962250000000      -0.550160226368728     
   1.77962250000000        2.07589291666667      -0.545403330444906     
   1.77962250000000        2.37216333333333      -0.530566656249076     
   1.77962250000000        2.66843375000000      -0.501009283404391     
   1.77962250000000        2.96470416666667      -0.459475204425672     
   1.77962250000000        3.26097458333333      -0.411963294789550     
   1.77962250000000        3.55724500000000      -0.364104801151157     
   1.77962250000000        3.85351541666667      -0.320173468555526     
   1.77962250000000        4.14978583333333      -0.281307566842660     
   1.77962250000000        4.44605625000000      -0.247374344606970     
   1.77962250000000        4.74232666666667      -0.217759123925314     
   1.77962250000000        5.03859708333333      -0.192298880352623     
   1.77962250000000        5.33486750000000      -0.171071488607510     
   1.77962250000000        5.63113791666667      -0.153542067639152     
   1.77962250000000        5.92740833333333      -0.138912005156678     
   1.77962250000000        6.22367875000000      -0.126381246212047     
   1.77962250000000        6.51994916666667      -0.115322421889668     
   1.77962250000000        6.81621958333333      -0.105354789297851     
   1.77962250000000        7.11249000000000      -9.626343491870257E-002
   2.07589291666667       2.000000000000000E-003 -0.349842685386807     
   2.07589291666667       0.298270416666667      -0.394294174927943     
   2.07589291666667       0.594540833333333      -0.439138712022157     
   2.07589291666667       0.890811250000000      -0.478791042272168     
   2.07589291666667        1.18708166666667      -0.510358219357386     
   2.07589291666667        1.48335208333333      -0.532380788733829     
   2.07589291666667        1.77962250000000      -0.545403036402621     
   2.07589291666667        2.07589291666667      -0.550341801011008     
   2.07589291666667        2.37216333333333      -0.539551385835257     
   2.07589291666667        2.66843375000000      -0.511974767588829     
   2.07589291666667        2.96470416666667      -0.471074536437111     
   2.07589291666667        3.26097458333333      -0.423041113909883     
   2.07589291666667        3.55724500000000      -0.373780989433129     
   2.07589291666667        3.85351541666667      -0.327662417070014     
   2.07589291666667        4.14978583333333      -0.286414562609978     
   2.07589291666667        4.44605625000000      -0.250380391386178     
   2.07589291666667        4.74232666666667      -0.219277331898917     
   2.07589291666667        5.03859708333333      -0.192898346086592     
   2.07589291666667        5.33486750000000      -0.171164942228266     
   2.07589291666667        5.63113791666667      -0.153430805955770     
   2.07589291666667        5.92740833333333      -0.138649137070215     
   2.07589291666667        6.22367875000000      -0.125905472245565     
   2.07589291666667        6.51994916666667      -0.114592302157093     
   2.07589291666667        6.81621958333333      -0.104430306542973     
   2.07589291666667        7.11249000000000      -9.528862159276250E-002
   2.37216333333333       2.000000000000000E-003 -0.332971956529720     
   2.37216333333333       0.298270416666667      -0.373536222962560     
   2.37216333333333       0.594540833333333      -0.414876985423449     
   2.37216333333333       0.890811250000000      -0.453306837652956     
   2.37216333333333        1.18708166666667      -0.485524259788800     
   2.37216333333333        1.48335208333333      -0.510456601825803     
   2.37216333333333        1.77962250000000      -0.530566127018082     
   2.37216333333333        2.07589291666667      -0.539551125197789     
   2.37216333333333        2.37216333333333      -0.532300878194685     
   2.37216333333333        2.66843375000000      -0.508891327278904     
   2.37216333333333        2.96470416666667      -0.471625951373892     
   2.37216333333333        3.26097458333333      -0.425853392635375     
   2.37216333333333        3.55724500000000      -0.377764205281249     
   2.37216333333333        3.85351541666667      -0.331141360875076     
   2.37216333333333        4.14978583333333      -0.288232204632855     
   2.37216333333333        4.44605625000000      -0.250647461556345     
   2.37216333333333        4.74232666666667      -0.218661216114016     
   2.37216333333333        5.03859708333333      -0.191937575780545     
   2.37216333333333        5.33486750000000      -0.170156182242937     
   2.37216333333333        5.63113791666667      -0.152630592880087     
   2.37216333333333        5.92740833333333      -0.137893849025726     
   2.37216333333333        6.22367875000000      -0.125060766222554     
   2.37216333333333        6.51994916666667      -0.113622686206576     
   2.37216333333333        6.81621958333333      -0.103390392193070     
   2.37216333333333        7.11249000000000      -9.429408651005501E-002
   2.66843375000000       2.000000000000000E-003 -0.315088007299845     
   2.66843375000000       0.298270416666667      -0.351597946816337     
   2.66843375000000       0.594540833333333      -0.388752550298302     
   2.66843375000000       0.890811250000000      -0.423472241954490     
   2.66843375000000        1.18708166666667      -0.453347777387062     
   2.66843375000000        1.48335208333333      -0.478947074213141     
   2.66843375000000        1.77962250000000      -0.501008613339404     
   2.66843375000000        2.07589291666667      -0.511974327306761     
   2.66843375000000        2.37216333333333      -0.508891132793741     
   2.66843375000000        2.66843375000000      -0.490658794294571     
   2.66843375000000        2.96470416666667      -0.458410005680847     
   2.66843375000000        3.26097458333333      -0.418123517174661     
   2.66843375000000        3.55724500000000      -0.375686152403908     
   2.66843375000000        3.85351541666667      -0.330985532217407     
   2.66843375000000        4.14978583333333      -0.287329944092642     
   2.66843375000000        4.44605625000000      -0.249137560271780     
   2.66843375000000        4.74232666666667      -0.217008035970693     
   2.66843375000000        5.03859708333333      -0.190334940921700     
   2.66843375000000        5.33486750000000      -0.168621809271837     
   2.66843375000000        5.63113791666667      -0.151231739760333     
   2.66843375000000        5.92740833333333      -0.136611205250829     
   2.66843375000000        6.22367875000000      -0.123739563251523     
   2.66843375000000        6.51994916666667      -0.112261610554199     
   2.66843375000000        6.81621958333333      -0.102080605173137     
   2.66843375000000        7.11249000000000      -9.313595625933987E-002
   2.96470416666667       2.000000000000000E-003 -0.295133833070504     
   2.96470416666667       0.298270416666667      -0.326958990990110     
   2.96470416666667       0.594540833333333      -0.358974614175555     
   2.96470416666667       0.890811250000000      -0.388765555726812     
   2.96470416666667        1.18708166666667      -0.414932296246003     
   2.96470416666667        1.48335208333333      -0.439317068405779     
   2.96470416666667        1.77962250000000      -0.459474520495078     
   2.96470416666667        2.07589291666667      -0.471074046009971     
   2.96470416666667        2.37216333333333      -0.471625694647768     
   2.96470416666667        2.66843375000000      -0.458409961651489     
   2.96470416666667        2.96470416666667      -0.431466954118395     
   2.96470416666667        3.26097458333333      -0.399685603484101     
   2.96470416666667        3.55724500000000      -0.368815865260669     
   2.96470416666667        3.85351541666667      -0.327907577434441     
   2.96470416666667        4.14978583333333      -0.285137783219722     
   2.96470416666667        4.44605625000000      -0.247728442608117     
   2.96470416666667        4.74232666666667      -0.215706778964480     
   2.96470416666667        5.03859708333333      -0.188869760629533     
   2.96470416666667        5.33486750000000      -0.166962090815648     
   2.96470416666667        5.63113791666667      -0.149309946100006     
   2.96470416666667        5.92740833333333      -0.134656874218151     
   2.96470416666667        6.22367875000000      -0.121760723901480     
   2.96470416666667        6.51994916666667      -0.110347764804017     
   2.96470416666667        6.81621958333333      -0.100359220816177     
   2.96470416666667        7.11249000000000      -9.168936391388668E-002
   3.26097458333333       2.000000000000000E-003 -0.273493290731684     
   3.26097458333333       0.298270416666667      -0.300336673831636     
   3.26097458333333       0.594540833333333      -0.326965600977492     
   3.26097458333333       0.890811250000000      -0.351617817833533     
   3.26097458333333        1.18708166666667      -0.373594258811936     
   3.26097458333333        1.48335208333333      -0.394426642725825     
   3.26097458333333        1.77962250000000      -0.411962710619416     
   3.26097458333333        2.07589291666667      -0.423040695835148     
   3.26097458333333        2.37216333333333      -0.425853199074838     
   3.26097458333333        2.66843375000000      -0.418123569739568     
   3.26097458333333        2.96470416666667      -0.399685789876630     
   3.26097458333333        3.26097458333333      -0.380518568115999     
   3.26097458333333        3.55724500000000      -0.358854797666056     
   3.26097458333333        3.85351541666667      -0.321500850258528     
   3.26097458333333        4.14978583333333      -0.285114701703573     
   3.26097458333333        4.44605625000000      -0.248337155506938     
   3.26097458333333        4.74232666666667      -0.214993417906497     
   3.26097458333333        5.03859708333333      -0.187070125065161     
   3.26097458333333        5.33486750000000      -0.164585471910821     
   3.26097458333333        5.63113791666667      -0.146577649113477     
   3.26097458333333        5.92740833333333      -0.131714271287850     
   3.26097458333333        6.22367875000000      -0.118870541493162     
   3.26097458333333        6.51994916666667      -0.107692693453129     
   3.26097458333333        6.81621958333333      -9.808004216955381E-002
   3.26097458333333        7.11249000000000      -8.982551444768204E-002
   3.55724500000000       2.000000000000000E-003 -0.251393319558420     
   3.55724500000000       0.298270416666667      -0.273501010387912     
   3.55724500000000       0.594540833333333      -0.295148904781589     
   3.55724500000000       0.890811250000000      -0.315115622404816     
   3.55724500000000        1.18708166666667      -0.333028768108135     
   3.55724500000000        1.48335208333333      -0.349951442061088     
   3.55724500000000        1.77962250000000      -0.364104370934708     
   3.55724500000000        2.07589291666667      -0.373780698992927     
   3.55724500000000        2.37216333333333      -0.377764098966232     
   3.55724500000000        2.66843375000000      -0.375686237251170     
   3.55724500000000        2.96470416666667      -0.368816050739926     
   3.55724500000000        3.26097458333333      -0.358854908990923     
   3.55724500000000        3.55724500000000      -0.333124498065365     
   3.55724500000000        3.85351541666667      -0.319786486490535     
   3.55724500000000        4.14978583333333      -0.287977082267413     
   3.55724500000000        4.44605625000000      -0.247688493648480     
   3.55724500000000        4.74232666666667      -0.211702602671198     
   3.55724500000000        5.03859708333333      -0.182680348714083     
   3.55724500000000        5.33486750000000      -0.159987006263163     
   3.55724500000000        5.63113791666667      -0.142074742874416     
   3.55724500000000        5.92740833333333      -0.127355402845838     
   3.55724500000000        6.22367875000000      -0.114844451742357     
   3.55724500000000        6.51994916666667      -0.104169404884623     
   3.55724500000000        6.81621958333333      -9.515132246480187E-002
   3.55724500000000        7.11249000000000      -8.745263652961055E-002
   3.85351541666667       2.000000000000000E-003 -0.230029991775326     
   3.85351541666667       0.298270416666667      -0.248031323675271     
   3.85351541666667       0.594540833333333      -0.265460054685923     
   3.85351541666667       0.890811250000000      -0.281481636634050     
   3.85351541666667        1.18708166666667      -0.295831231744981     
   3.85351541666667        1.48335208333333      -0.309081706171313     
   3.85351541666667        1.77962250000000      -0.320173174728666     
   3.85351541666667        2.07589291666667      -0.327662233658439     
   3.85351541666667        2.37216333333333      -0.331141294701888     
   3.85351541666667        2.66843375000000      -0.330985536733831     
   3.85351541666667        2.96470416666667      -0.327907520528887     
   3.85351541666667        3.26097458333333      -0.321500709679870     
   3.85351541666667        3.55724500000000      -0.319786306396639     
   3.85351541666667        3.85351541666667      -0.309402177040307     
   3.85351541666667        4.14978583333333      -0.276200937867327     
   3.85351541666667        4.44605625000000      -0.236271985415780     
   3.85351541666667        4.74232666666667      -0.201103612606712     
   3.85351541666667        5.03859708333333      -0.173253641463566     
   3.85351541666667        5.33486750000000      -0.151848394164957     
   3.85351541666667        5.63113791666667      -0.135121261310720     
   3.85351541666667        5.92740833333333      -0.121348951283195     
   3.85351541666667        6.22367875000000      -0.109648514355045     
   3.85351541666667        6.51994916666667      -9.981090940182823E-002
   3.85351541666667        6.81621958333333      -9.160454815703607E-002
   3.85351541666667        7.11249000000000      -8.457235047438179E-002
   4.14978583333333       2.000000000000000E-003 -0.210162634201656     
   4.14978583333333       0.298270416666667      -0.224788351129102     
   4.14978583333333       0.594540833333333      -0.238784670211230     
   4.14978583333333       0.890811250000000      -0.251573852118025     
   4.14978583333333        1.18708166666667      -0.262919927136786     
   4.14978583333333        1.48335208333333      -0.273092365890808     
   4.14978583333333        1.77962250000000      -0.281307353342415     
   4.14978583333333        2.07589291666667      -0.286414435117693     
   4.14978583333333        2.37216333333333      -0.288232142640659     
   4.14978583333333        2.66843375000000      -0.287329897642984     
   4.14978583333333        2.96470416666667      -0.285137671981812     
   4.14978583333333        3.26097458333333      -0.285114515770363     
   4.14978583333333        3.55724500000000      -0.287976812281851     
   4.14978583333333        3.85351541666667      -0.276200693100193     
   4.14978583333333        4.14978583333333      -0.246914857741363     
   4.14978583333333        4.44605625000000      -0.213137305586317     
   4.14978583333333        4.74232666666667      -0.182983484016319     
   4.14978583333333        5.03859708333333      -0.158920493558626     
   4.14978583333333        5.33486750000000      -0.140441261023099     
   4.14978583333333        5.63113791666667      -0.126039932786493     
   4.14978583333333        5.92740833333333      -0.113985014964291     
   4.14978583333333        6.22367875000000      -0.103556707914200     
   4.14978583333333        6.51994916666667      -9.485843049244906E-002
   4.14978583333333        6.81621958333333      -8.762237422243106E-002
   4.14978583333333        7.11249000000000      -8.130745856314554E-002
   4.44605625000000       2.000000000000000E-003 -0.192067457378886     
   4.44605625000000       0.298270416666667      -0.203961261002030     
   4.44605625000000       0.594540833333333      -0.215163302499329     
   4.44605625000000       0.890811250000000      -0.225266227545777     
   4.44605625000000        1.18708166666667      -0.234049677360091     
   4.44605625000000        1.48335208333333      -0.241541063996164     
   4.44605625000000        1.77962250000000      -0.247374163531462     
   4.44605625000000        2.07589291666667      -0.250380282665656     
   4.44605625000000        2.37216333333333      -0.250647391654855     
   4.44605625000000        2.66843375000000      -0.249137494272952     
   4.44605625000000        2.96470416666667      -0.247728328482651     
   4.44605625000000        3.26097458333333      -0.248336939101285     
   4.44605625000000        3.55724500000000      -0.247688139623626     
   4.44605625000000        3.85351541666667      -0.236271592534733     
   4.44605625000000        4.14978583333333      -0.213137075384482     
   4.44605625000000        4.44605625000000      -0.186323327740931     
   4.44605625000000        4.74232666666667      -0.162064739256415     
   4.44605625000000        5.03859708333333      -0.142566172668240     
   4.44605625000000        5.33486750000000      -0.127701201459259     
   4.44605625000000        5.63113791666667      -0.116219922717992     
   4.44605625000000        5.92740833333333      -0.106006367338274     
   4.44605625000000        6.22367875000000      -9.709502190917464E-002
   4.44605625000000        6.51994916666667      -8.969879049065185E-002
   4.44605625000000        6.81621958333333      -8.347808652089087E-002
   4.44605625000000        7.11249000000000      -7.785322461561318E-002
   4.74232666666667       2.000000000000000E-003 -0.175781849814653     
   4.74232666666667       0.298270416666667      -0.185441242892613     
   4.74232666666667       0.594540833333333      -0.194318531779954     
   4.74232666666667       0.890811250000000      -0.202135556610760     
   4.74232666666667        1.18708166666667      -0.208710654169508     
   4.74232666666667        1.48335208333333      -0.213963394786529     
   4.74232666666667        1.77962250000000      -0.217758958359125     
   4.74232666666667        2.07589291666667      -0.219277233581689     
   4.74232666666667        2.37216333333333      -0.218661145906783     
   4.74232666666667        2.66843375000000      -0.217007964941384     
   4.74232666666667        2.96470416666667      -0.215706663101894     
   4.74232666666667        3.26097458333333      -0.214993197942057     
   4.74232666666667        3.55724500000000      -0.211702249978652     
   4.74232666666667        3.85351541666667      -0.201103199576557     
   4.74232666666667        4.14978583333333      -0.182983153955803     
   4.74232666666667        4.44605625000000      -0.162064578146089     
   4.74232666666667        4.74232666666667      -0.142874930358363     
   4.74232666666667        5.03859708333333      -0.127470910350924     
   4.74232666666667        5.33486750000000      -0.116001297954330     
   4.74232666666667        5.63113791666667      -0.106831666081715     
   4.74232666666667        5.92740833333333      -9.821067002008602E-002
   4.74232666666667        6.22367875000000      -9.082169179072021E-002
   4.74232666666667        6.51994916666667      -8.470497128526293E-002
   4.74232666666667        6.81621958333333      -7.941854642925540E-002
   4.74232666666667        7.11249000000000      -7.439552527527231E-002
   5.03859708333333       2.000000000000000E-003 -0.161393347396561     
   5.03859708333333       0.298270416666667      -0.169183138015969     
   5.03859708333333       0.594540833333333      -0.176065840469968     
   5.03859708333333       0.890811250000000      -0.181909056272811     
   5.03859708333333        1.18708166666667      -0.186619440510473     
   5.03859708333333        1.48335208333333      -0.190119183684387     
   5.03859708333333        1.77962250000000      -0.192298744103609     
   5.03859708333333        2.07589291666667      -0.192898271055869     
   5.03859708333333        2.37216333333333      -0.191937526080368     
   5.03859708333333        2.66843375000000      -0.190334888627818     
   5.03859708333333        2.96470416666667      -0.188869670052301     
   5.03859708333333        3.26097458333333      -0.187069951165113     
   5.03859708333333        3.55724500000000      -0.182680068287536     
   5.03859708333333        3.85351541666667      -0.173253293029374     
   5.03859708333333        4.14978583333333      -0.158920164293184     
   5.03859708333333        4.44605625000000      -0.142565936438796     
   5.03859708333333        4.74232666666667      -0.127470795993131     
   5.03859708333333        5.03859708333333      -0.115500252708431     
   5.03859708333333        5.33486750000000      -0.106579085014564     
   5.03859708333333        5.63113791666667      -9.838377514338872E-002
   5.03859708333333        5.92740833333333      -9.112400841446557E-002
   5.03859708333333        6.22367875000000      -8.507894592210777E-002
   5.03859708333333        6.51994916666667      -8.005399493800923E-002
   5.03859708333333        6.81621958333333      -7.556181610978437E-002
   5.03859708333333        7.11249000000000      -7.105966200722660E-002
   5.33486750000000       2.000000000000000E-003 -0.148992231400605     
   5.33486750000000       0.298270416666667      -0.155206690424936     
   5.33486750000000       0.594540833333333      -0.160355123864699     
   5.33486750000000       0.890811250000000      -0.164491716827938     
   5.33486750000000        1.18708166666667      -0.167665093038810     
   5.33486750000000        1.48335208333333      -0.169880216710555     
   5.33486750000000        1.77962250000000      -0.171071412748338     
   5.33486750000000        2.07589291666667      -0.171164904515658     
   5.33486750000000        2.37216333333333      -0.170156166520428     
   5.33486750000000        2.66843375000000      -0.168621790178608     
   5.33486750000000        2.96470416666667      -0.166962040324512     
   5.33486750000000        3.26097458333333      -0.164585357866420     
   5.33486750000000        3.55724500000000      -0.159986807524019     
   5.33486750000000        3.85351541666667      -0.151848124215857     
   5.33486750000000        4.14978583333333      -0.140440967485263     
   5.33486750000000        4.44605625000000      -0.127700941620470     
   5.33486750000000        4.74232666666667      -0.116001116263050     
   5.33486750000000        5.03859708333333      -0.106579001038787     
   5.33486750000000        5.33486750000000      -9.828752422448764E-002
   5.33486750000000        5.63113791666667      -9.101865281467454E-002
   5.33486750000000        5.92740833333333      -8.488660913034991E-002
   5.33486750000000        6.22367875000000      -7.993490988344047E-002
   5.33486750000000        6.51994916666667      -7.583286596855392E-002
   5.33486750000000        6.81621958333333      -7.201800519636796E-002
   5.33486750000000        7.11249000000000      -6.800609039101832E-002
   5.63113791666667       2.000000000000000E-003 -0.138530047975573     
   5.63113791666667       0.298270416666667      -0.143388777319922     
   5.63113791666667       0.594540833333333      -0.147000315002626     
   5.63113791666667       0.890811250000000      -0.149688376851846     
   5.63113791666667        1.18708166666667      -0.151647692579391     
   5.63113791666667        1.48335208333333      -0.152936174095184     
   5.63113791666667        1.77962250000000      -0.153542048994892     
   5.63113791666667        2.07589291666667      -0.153430814088971     
   5.63113791666667        2.37216333333333      -0.152630608545618     
   5.63113791666667        2.66843375000000      -0.151231743480601     
   5.63113791666667        2.96470416666667      -0.149309920190629     
   5.63113791666667        3.26097458333333      -0.146577570421196     
   5.63113791666667        3.55724500000000      -0.142074594683407     
   5.63113791666667        3.85351541666667      -0.135121044809766     
   5.63113791666667        4.14978583333333      -0.126039674676366     
   5.63113791666667        4.44605625000000      -0.116219669182663     
   5.63113791666667        4.74232666666667      -0.106831463553588     
   5.63113791666667        5.03859708333333      -9.838365385538730E-002
   5.63113791666667        5.33486750000000      -9.101861409953893E-002
   5.63113791666667        5.63113791666667      -8.472595948932835E-002
   5.63113791666667        5.92740833333333      -7.959907169674849E-002
   5.63113791666667        6.22367875000000      -7.557410260003750E-002
   5.63113791666667        6.51994916666667      -7.222822150419263E-002
   5.63113791666667        6.81621958333333      -6.896383235481607E-002
   5.63113791666667        7.11249000000000      -6.535953625111238E-002
   5.92740833333333       2.000000000000000E-003 -0.129843406188031     
   5.92740833333333       0.298270416666667      -0.133481375025832     
   5.92740833333333       0.594540833333333      -0.135655693321549     
   5.92740833333333       0.890811250000000      -0.137105598842912     
   5.92740833333333        1.18708166666667      -0.138119556660139     
   5.92740833333333        1.48335208333333      -0.138726037371903     
   5.92740833333333        1.77962250000000      -0.138912012243941     
   5.92740833333333        2.07589291666667      -0.138649175884901     
   5.92740833333333        2.37216333333333      -0.137893890767861     
   5.92740833333333        2.66843375000000      -0.136611225111927     
   5.92740833333333        2.96470416666667      -0.134656855200109     
   5.92740833333333        3.26097458333333      -0.131714202090292     
   5.92740833333333        3.55724500000000      -0.127355277048027     
   5.92740833333333        3.85351541666667      -0.121348771870533     
   5.92740833333333        4.14978583333333      -0.113984799993681     
   5.92740833333333        4.44605625000000      -0.106006149979405     
   5.92740833333333        4.74232666666667      -9.821049183855055E-002
   5.92740833333333        5.03859708333333      -9.112390813823340E-002
   5.92740833333333        5.33486750000000      -8.488660495342006E-002
   5.92740833333333        5.63113791666667      -7.959910829868305E-002
   5.92740833333333        5.92740833333333      -7.539392674696072E-002
   5.92740833333333        6.22367875000000      -7.213900828987971E-002
   5.92740833333333        6.51994916666667      -6.937912573496684E-002
   5.92740833333333        6.81621958333333      -6.649369942313302E-002
   5.92740833333333        7.11249000000000      -6.313897496042940E-002
   6.22367875000000       2.000000000000000E-003 -0.122513140107793     
   6.22367875000000       0.298270416666667      -0.124929033544480     
   6.22367875000000       0.594540833333333      -0.125743238769779     
   6.22367875000000       0.890811250000000      -0.126233454387556     
   6.22367875000000        1.18708166666667      -0.126527940174775     
   6.22367875000000        1.48335208333333      -0.126579499155260     
   6.22367875000000        1.77962250000000      -0.126381251239531     
   6.22367875000000        2.07589291666667      -0.125905521421842     
   6.22367875000000        2.37216333333333      -0.125060821823257     
   6.22367875000000        2.66843375000000      -0.123739595977747     
   6.22367875000000        2.96470416666667      -0.121760718731994     
   6.22367875000000        3.26097458333333      -0.118870493739630     
   6.22367875000000        3.55724500000000      -0.114844362368876     
   6.22367875000000        3.85351541666667      -0.109648388620960     
   6.22367875000000        4.14978583333333      -0.103556558415938     
   6.22367875000000        4.44605625000000      -9.709487291900099E-002
   6.22367875000000        4.74232666666667      -9.082158088286857E-002
   6.22367875000000        5.03859708333333      -8.507892158850448E-002
   6.22367875000000        5.33486750000000      -7.993499134806749E-002
   6.22367875000000        5.63113791666667      -7.557422366104249E-002
   6.22367875000000        5.92740833333333      -7.213909516518996E-002
   6.22367875000000        6.22367875000000      -6.952950229961341E-002
   6.22367875000000        6.51994916666667      -6.727584180795472E-002
   6.22367875000000        6.81621958333333      -6.458803303050839E-002
   6.22367875000000        7.11249000000000      -6.121517630785968E-002
   6.51994916666667       2.000000000000000E-003 -0.115588982951731     
   6.51994916666667       0.298270416666667      -0.116743385195077     
   6.51994916666667       0.594540833333333      -0.116658652737047     
   6.51994916666667       0.890811250000000      -0.116634494873400     
   6.51994916666667        1.18708166666667      -0.116370175216203     
   6.51994916666667        1.48335208333333      -0.115909534734466     
   6.51994916666667        1.77962250000000      -0.115322422471823     
   6.51994916666667        2.07589291666667      -0.114592353906494     
   6.51994916666667        2.37216333333333      -0.113622747734534     
   6.51994916666667        2.66843375000000      -0.112261652570449     
   6.51994916666667        2.96470416666667      -0.110347776240017     
   6.51994916666667        3.26097458333333      -0.107692675656294     
   6.51994916666667        3.55724500000000      -0.104169363969013     
   6.51994916666667        3.85351541666667      -9.981085148217991E-002
   6.51994916666667        4.14978583333333      -9.485836343934634E-002
   6.51994916666667        4.44605625000000      -8.969873059069534E-002
   6.51994916666667        4.74232666666667      -8.470495123551000E-002
   6.51994916666667        5.03859708333333      -8.005407116542258E-002
   6.51994916666667        5.33486750000000      -7.583303628027335E-002
   6.51994916666667        5.63113791666667      -7.222842626222756E-002
   6.51994916666667        5.92740833333333      -6.937930240178744E-002
   6.51994916666667        6.22367875000000      -6.727593962406740E-002
   6.51994916666667        6.51994916666667      -6.552795431775968E-002
   6.51994916666667        6.81621958333333      -6.305237280128766E-002
   6.51994916666667        7.11249000000000      -5.939988075911556E-002
   6.81621958333333       2.000000000000000E-003 -0.107017566609359     
   6.81621958333333       0.298270416666667      -0.108105780612180     
   6.81621958333333       0.594540833333333      -0.108388642300531     
   6.81621958333333       0.890811250000000      -0.107991838216532     
   6.81621958333333        1.18708166666667      -0.107175921955118     
   6.81621958333333        1.48335208333333      -0.106262446305652     
   6.81621958333333        1.77962250000000      -0.105354799763562     
   6.81621958333333        2.07589291666667      -0.104430364240683     
   6.81621958333333        2.37216333333333      -0.103390456939577     
   6.81621958333333        2.66843375000000      -0.102080653443825     
   6.81621958333333        2.96470416666667      -0.100359247837384     
   6.81621958333333        3.26097458333333      -9.808005499124753E-002
   6.81621958333333        3.55724500000000      -9.515133091056208E-002
   6.81621958333333        3.85351541666667      -9.160455809645464E-002
   6.81621958333333        4.14978583333333      -8.762238882370772E-002
   6.81621958333333        4.44605625000000      -8.347811396913080E-002
   6.81621958333333        4.74232666666667      -7.941861166030680E-002
   6.81621958333333        5.03859708333333      -7.556196784220706E-002
   6.81621958333333        5.33486750000000      -7.201822981259423E-002
   6.81621958333333        5.63113791666667      -6.896408048812924E-002
   6.81621958333333        5.92740833333333      -6.649392212218432E-002
   6.81621958333333        6.22367875000000      -6.458818832772217E-002
   6.81621958333333        6.51994916666667      -6.305244239778982E-002
   6.81621958333333        6.81621958333333      -6.094907526093287E-002
   6.81621958333333        7.11249000000000      -5.724951134707843E-002
   7.11249000000000       2.000000000000000E-003 -9.645208510101611E-002
   7.11249000000000       0.298270416666667      -9.984393016678890E-002
   7.11249000000000       0.594540833333333      -0.100374766703004     
   7.11249000000000       0.890811250000000      -9.952798238131659E-002
   7.11249000000000        1.18708166666667      -9.840276290170080E-002
   7.11249000000000        1.48335208333333      -9.729275351684881E-002
   7.11249000000000        1.77962250000000      -9.626346573644011E-002
   7.11249000000000        2.07589291666667      -9.528868777179672E-002
   7.11249000000000        2.37216333333333      -9.429415049002679E-002
   7.11249000000000        2.66843375000000      -9.313600496922753E-002
   7.11249000000000        2.96470416666667      -9.168939958441143E-002
   7.11249000000000        3.26097458333333      -8.982554880922201E-002
   7.11249000000000        3.55724500000000      -8.745268187118051E-002
   7.11249000000000        3.85351541666667      -8.457241197414155E-002
   7.11249000000000        4.14978583333333      -8.130753513878557E-002
   7.11249000000000        4.44605625000000      -7.785331662364256E-002
   7.11249000000000        4.74232666666667      -7.439564693888344E-002
   7.11249000000000        5.03859708333333      -7.105984720033359E-002
   7.11249000000000        5.33486750000000      -6.800632051810400E-002
   7.11249000000000        5.63113791666667      -6.535977558486278E-002
   7.11249000000000        5.92740833333333      -6.313918845221722E-002
   7.11249000000000        6.22367875000000      -6.121533216223597E-002
   7.11249000000000        6.51994916666667      -5.939996487085779E-002
   7.11249000000000        6.81621958333333      -5.724956151553214E-002
   7.11249000000000        7.11249000000000      -5.361532037036686E-002
